100
4 3
4 5 6 4
4 2
4 5 6 4
3 3
1 1 1
100 3
46 23 5 88 30 71 84 91 55 44 4 42 18 74 97 65 41 52 16 41 88 28 61 79 71 13 13 78 13 86 31 83 88 82 10 7 79 44 13 33 10 92 4 71 62 46 13 91 25 15 91 13 62 49 86 49 22 22 97 40 18 20 5 31 41 7 67 19 19 83 10 1 13 16 16 79 25 37 85 75 58 18 28 6 56 11 58 70 37 73 90 29 4 31 31 4 23 65 97 42
100 3
92 15 17 2 76 95 5 68 89 11 23 65 71 82 55 47 35 92 98 64 49 53 14 2 59 35 44 5 17 20 5 94 8 54 53 77 9 29 2 23 94 89 56 94 56 59 80 88 29 5 89 80 80 45 5 38 25 46 53 85 23 30 85 8 4 62 35 98 87 53 47 62 65 47 89 96 11 60 44 92 71 61 80 83 8 64 56 47 53 13 22 40 5 32 71 95 92 25 55 31
15 3
86 35 44 82 55 41 94 88 23 41 59 79 47 82 79
100 3
64 80 68 91 52 75 76 1 97 55 49 18 34 19 70 67 13 13 97 8 68 30 82 34 70 23 37 68 28 79 50 2 47 58 13 21 46 39 31 38 37 18 45 47 46 61 16 16 1 2 35 44 33 11 88 97 7 58 52 61 78 97 4 91 73 40 7 6 43 74 91 49 82 38 65 43 50 26 67 54 14 70 48 83 37 17 36 40 28 51 22 86 95 71 87 46 84 73 78 33
100 3
52 19 96 75 1 2 55 84 28 64 19 55 67 16 53 30 4 43 50 46 16 4 82 46 82 1 85 68 7 7 37 88 67 14 87 21 91 97 32 87 61 46 55 83 28 25 85 12 25 81 10 70 2 91 98 38 75 40 44 65 22 43 28 25 52 68 31 3 53 33 20 47 85 35 98 52 34 46 83 22 7 49 28 40 85 68 91 58 88 32 22 77 56 49 85 53 17 1 26 46
100 3
50 56 28 61 37 41 92 94 55 34 11 16 34 52 49 83 59 83 46 70 70 79 20 22 73 43 31 8 96 43 37 17 82 73 7 1 31 91 22 56 49 76 98 36 84 76 76 51 59 15 31 20 44 18 35 77 89 97 79 94 52 52 28 76 43 21 34 77 4 67 81 40 32 64 94 8 4 34 82 1 56 92 55 49 26 66 14 25 31 70 44 43 82 20 70 21 26 96 37 40
100 3
43 40 70 31 5 19 37 31 34 97 8 82 96 76 86 28 78 50 73 98 85 22 10 73 40 25 8 97 26 91 20 40 10 61 34 75 43 4 80 61 70 97 97 28 8 16 88 10 83 28 70 10 5 27 10 2 46 19 8 46 95 97 2 22 16 44 22 50 31 63 57 55 79 37 29 35 21 92 19 67 79 16 52 58 92 79 14 48 70 67 31 7 4 70 67 34 94 65 17 71
2 2
1 1
100 3
22 73 52 76 79 16 49 88 19 16 19 16 70 13 70 46 92 82 76 25 80 82 76 91 46 65 83 10 34 89 25 47 89 82 5 25 37 32 53 52 82 43 37 40 65 2 66 9 1 80 66 13 13 98 11 82 97 67 34 11 67 73 91 19 17 92 76 58 94 61 31 94 4 70 73 73 16 37 40 1 70 37 14 46 40 50 73 1 87 62 58 48 68 40 49 43 88 55 34 19
100 3
50 32 5 86 29 92 1 37 49 31 41 89 28 26 53 44 7 95 59 98 80 35 49 26 26 37 59 80 56 41 8 79 92 98 16 2 83 32 17 85 1 59 11 22 13 16 88 44 13 52 94 80 61 92 76 53 77 89 38 82 20 10 70 82 59 10 94 82 50 17 50 5 7 28 20 76 86 80 91 58 89 46 74 62 41 91 13 65 10 73 97 94 22 98 2 40 20 67 61 61
100 3
55 65 61 4 7 80 14 13 25 95 61 88 40 2 58 34 7 52 91 56 29 91 86 20 62 70 55 20 19 55 94 41 4 19 10 85 1 52 1 79 67 52 35 83 82 58 65 51 90 4 5 32 31 18 12 29 77 15 58 73 37 91 88 67 55 33 13 73 34 37 76 50 43 31 74 60 92 3 58 85 88 40 49 35 19 92 34 19 27 59 16 45 44 83 59 85 80 80 64 51
18 2
36 10 56 14 90 46 52 49 31 26 35 79 4 59 4 37 61 73
100 3
11 88 46 6 6 63 25 22 83 59 45 79 83 89 10 20 29 94 28 74 29 67 71 74 14 6 7 91 16 97 19 52 23 77 13 25 76 22 48 97 35 67 38 25 85 25 8 68 54 91 65 6 63 16 16 7 49 64 10 97 80 16 73 70 97 2 49 41 25 16 17 91 67 19 40 58 54 96 44 19 69 18 6 34 70 21 52 85 89 93 35 8 37 35 91 41 31 52 1 85
100 3
74 10 5 71 8 84 34 47 68 22 40 35 65 76 6 35 41 74 4 31 47 21 74 26 37 32 62 2 96 29 89 74 41 15 62 40 89 5 38 34 74 52 53 76 73 20 81 49 49 32 77 35 77 91 50 56 82 49 52 92 11 31 89 86 51 68 37 46 63 26 38 95 74 98 68 87 50 11 26 56 39 79 17 78 76 86 68 42 32 69 62 5 97 25 55 47 46 8 12 20
100 3
10 70 91 88 97 67 80 28 19 23 37 8 41 19 70 34 86 94 70 29 68 40 65 40 77 88 21 71 21 76 73 91 70 84 34 37 57 91 10 52 78 70 28 40 76 20 64 85 13 38 60 43 19 13 19 40 1 25 60 32 7 34 18 60 6 97 31 31 7 85 34 87 9 40 27 35 56 61 32 19 10 19 19 65 25 5 60 58 34 25 97 68 65 22 34 74 34 52 83 58
100 3
23 41 49 11 45 97 13 49 61 55 52 65 32 13 35 81 16 17 93 88 22 35 70 23 94 61 35 37 85 98 88 65 53 5 58 82 28 13 97 19 28 15 85 19 9 41 86 10 50 7 13 32 85 48 41 4 62 14 34 31 65 86 17 46 12 66 64 7 16 86 10 94 87 85 97 51 79 59 70 46 38 86 86 73 46 19 18 19 41 61 40 10 58 59 84 51 74 79 94 28
100 3
85 65 80 16 58 7 56 19 31 23 4 28 7 55 19 97 55 76 70 73 28 31 22 70 86 49 79 82 1 40 7 50 95 41 37 80 22 35 47 35 19 56 6 88 61 2 46 89 40 70 28 23 43 52 2 51 22 43 18 17 92 20 94 49 15 28 88 64 89 28 64 31 16 47 33 37 28 88 1 25 10 53 11 46 80 22 8 73 90 46 61 98 73 58 80 11 61 50 11 59
17 3
76 10 67 29 62 4 23 68 45 80 44 37 85 71 66 70 42
20 3
49 50 19 40 65 97 14 92 44 85 7 44 19 94 22 37 46 37 34 75
100 3
74 11 41 37 64 32 56 85 23 95 53 8 53 22 53 23 29 23 25 50 22 80 59 65 5 70 44 5 59 70 44 17 20 1 38 20 59 2 91 37 34 10 89 56 47 71 15 39 77 89 59 71 79 83 38 10 34 38 44 16 79 96 89 53 58 35 32 88 56 33 74 22 62 19 52 37 61 35 10 65 26 64 16 55 45 47 9 40 83 60 2 47 98 58 75 95 16 34 91 65
2 3
80 32
100 3
65 73 11 29 80 87 47 14 40 23 59 55 18 61 61 30 5 63 89 26 68 41 92 48 76 80 57 61 16 9 49 17 44 46 77 62 11 59 29 47 70 47 50 47 65 29 4 22 78 80 14 44 38 37 40 23 60 25 23 50 2 61 46 23 65 50 71 58 23 90 83 78 68 80 86 74 75 49 35 65 47 96 70 36 48 53 62 89 2 74 5 95 86 89 60 94 72 50 77 61
100 3
70 32 14 79 55 76 26 75 81 76 96 23 14 31 20 37 73 75 79 38 22 77 31 31 39 98 91 75 26 11 43 71 37 7 77 74 97 64 47 55 49 68 58 9 26 28 48 29 85 41 91 80 77 22 7 46 88 85 57 10 6 28 79 65 23 19 13 31 61 16 13 58 25 91 66 85 7 61 14 85 26 64 25 44 62 19 88 4 67 95 42 13 70 68 50 43 92 37 40 56
17 3
4 80 70 15 43 39 38 97 62 20 46 85 74 90 80 41 66
100 3
28 74 61 7 65 22 10 40 61 2 16 61 14 50 10 31 58 34 64 68 75 8 61 90 64 58 95 43 71 58 56 11 35 86 54 37 94 26 7 78 19 39 88 29 1 89 25 62 40 4 13 76 67 56 41 83 74 7 11 10 7 34 19 46 62 54 94 37 62 38 82 85 7 25 34 1 82 79 91 38 25 29 30 16 58 59 35 43 86 13 28 25 9 48 81 90 13 10 89 2
100 3
73 91 43 43 10 16 46 50 15 91 65 55 85 70 34 53 28 40 83 13 67 86 23 23 28 7 22 95 50 22 27 44 91 40 51 82 46 41 13 21 98 4 11 23 16 35 40 23 2 59 55 31 55 29 5 22 61 88 80 43 21 94 43 68 17 40 37 38 85 8 52 98 41 40 13 77 83 61 22 7 14 65 81 71 91 1 48 10 45 35 37 19 61 97 1 52 10 43 40 80
100 3
74 26 41 91 92 65 79 97 71 8 11 25 38 5 94 96 53 4 37 54 62 77 82 85 38 70 35 17 38 74 95 33 58 80 67 37 27 86 53 68 35 73 91 97 56 53 26 26 49 27 44 66 69 20 2 73 94 26 89 57 8 68 2 74 51 62 41 16 80 9 40 41 2 50 52 2 47 41 68 80 77 37 50 22 8 83 88 37 57 56 10 32 74 89 14 10 86 77 18 86
100 3
70 28 62 24 6 85 73 4 91 20 95 12 71 86 16 1 1 94 39 84 70 84 51 82 95 43 81 29 61 41 37 79 4 74 43 49 73 11 62 22 53 52 4 46 43 22 37 61 77 25 37 71 20 31 28 41 80 8 19 85 4 85 46 13 90 37 34 88 61 46 4 28 46 65 85 55 68 19 20 91 52 90 89 10 42 28 73 36 50 1 76 13 4 85 11 65 77 96 56 79
100 3
38 95 42 2 62 67 37 32 90 23 31 35 59 67 59 94 56 83 38 47 60 88 38 41 35 98 56 38 74 83 83 96 68 2 11 47 1 29 97 98 49 62 11 2 71 61 78 93 22 19 28 15 82 4 26 28 39 22 17 6 77 58 47 53 41 77 29 33 8 66 89 56 12 31 47 32 94 97 26 38 50 8 95 29 23 83 65 13 65 80 11 17 20 47 53 41 47 50 56 76
100 3
94 52 71 52 19 53 51 86 28 10 41 88 77 55 61 11 40 4 37 56 10 71 1 7 86 85 28 58 11 46 91 31 54 94 76 11 67 38 64 67 25 14 5 37 98 1 18 23 25 89 37 94 46 76 14 37 10 73 88 81 25 8 10 97 97 22 49 26 34 7 5 14 40 37 38 46 26 22 4 61 76 76 4 68 73 26 31 90 58 13 58 74 25 53 57 1 16 26 7 51
100 3
26 88 19 31 11 89 24 26 79 54 67 64 59 72 43 40 71 55 67 43 23 27 88 37 82 7 16 83 2 49 67 92 80 25 57 38 77 73 52 39 46 92 67 97 25 97 67 20 35 20 58 61 16 22 25 26 79 40 67 13 31 43 1 1 31 2 43 13 94 43 70 37 34 22 33 29 73 10 40 86 43 94 85 61 73 37 25 85 78 63 25 49 58 19 67 37 89 22 5 34
100 3
56 23 85 52 32 50 2 14 17 98 83 38 83 50 25 40 59 14 83 27 10 95 41 7 43 62 91 59 25 29 19 71 86 4 28 62 92 41 43 82 71 32 8 17 48 21 65 5 74 20 32 64 9 5 51 50 62 67 86 50 44 20 56 95 20 26 20 14 89 15 41 5 49 38 55 83 95 89 86 26 26 79 22 79 94 98 64 66 29 46 59 33 73 23 2 28 17 90 23 79
23 3
55 1 86 85 7 89 97 59 64 53 64 64 14 52 88 26 73 97 7 4 47 2 40
100 3
19 35 28 4 58 91 34 91 95 73 61 88 14 23 49 58 51 65 16 83 61 34 49 7 19 31 6 10 40 7 55 19 66 46 37 79 49 79 1 61 26 4 58 28 70 16 95 23 97 84 49 96 1 85 34 17 22 65 49 59 21 71 16 62 37 86 42 22 55 58 10 34 32 84 88 62 46 12 94 46 18 64 64 94 7 59 85 94 50 67 10 58 80 87 94 28 92 17 28 7
100 3
50 51 59 62 44 38 41 50 70 29 17 77 96 82 38 90 12 11 72 41 34 31 17 32 18 17 98 97 69 40 32 44 58 68 32 20 91 5 44 44 43 47 15 78 89 26 26 9 14 82 17 14 80 92 60 86 68 76 37 47 97 35 83 16 44 38 13 31 80 23 47 56 41 98 80 83 49 94 29 41 83 39 5 2 41 5 8 5 79 8 79 50 55 8 26 35 38 98 23 94
3 3
35 80 98
100 3
65 64 93 83 11 83 95 56 93 9 97 52 21 62 29 45 29 1 2 4 97 12 26 97 16 30 71 50 23 11 20 7 95 52 59 21 98 17 53 57 14 38 86 43 29 95 53 5 38 86 93 77 96 87 81 39 44 75 30 58 17 90 86 33 59 7 50 86 59 68 47 83 55 91 98 5 22 83 19 23 14 32 75 68 79 82 28 5 1 40 88 95 86 47 85 76 53 19 58 56
19 3
1 73 29 22 37 52 46 46 82 44 11 85 64 53 53 44 33 76 70
100 3
78 41 85 84 91 66 86 62 54 16 59 25 29 53 26 62 17 29 26 68 64 91 73 17 41 34 59 47 95 92 43 14 57 86 1 47 60 35 63 29 92 15 87 41 77 18 16 6 80 20 2 92 62 11 7 80 38 92 11 27 38 53 1 53 29 64 53 38 20 65 79 32 77 67 56 32 5 59 92 6 83 25 54 47 11 71 16 49 67 63 29 90 82 53 62 63 11 20 53 37
100 3
29 38 40 40 71 13 83 21 95 44 17 35 61 48 42 14 42 88 79 97 39 24 91 96 79 89 52 10 31 2 10 64 23 4 52 85 4 58 37 94 19 59 78 5 44 70 38 86 4 34 58 53 13 43 11 70 25 17 16 58 76 58 88 79 93 45 49 16 11 17 62 21 47 4 1 53 49 65 79 29 86 58 94 91 13 52 47 91 23 78 61 11 58 59 61 53 59 97 30 83
100 3
74 41 4 80 62 46 56 55 47 56 67 70 53 53 29 86 80 58 38 94 49 5 17 74 38 29 53 35 39 22 95 29 40 14 51 31 35 47 70 58 10 62 50 8 49 74 35 89 56 2 92 62 82 80 35 72 92 92 28 23 71 29 78 20 79 10 17 49 38 45 57 2 85 47 82 86 88 35 90 14 8 90 50 98 37 44 98 35 89 90 20 2 65 88 89 4 81 20 58 27
100 3
45 34 49 82 90 7 67 28 64 58 55 50 76 7 49 52 46 62 83 40 45 49 37 19 67 70 32 91 28 49 80 5 29 70 28 61 26 13 28 94 94 56 85 76 65 18 76 23 95 4 47 82 4 82 44 73 11 10 12 76 70 13 10 80 53 98 40 89 70 41 13 91 32 31 37 67 34 55 3 2 82 38 49 3 67 25 88 37 28 38 55 4 49 77 55 19 91 22 47 58
100 3
80 26 42 19 87 70 59 37 98 65 76 38 22 59 85 98 64 29 4 17 80 80 10 80 35 2 92 50 77 17 8 35 40 32 65 66 77 59 96 80 28 42 13 37 41 5 94 1 38 17 4 62 58 94 32 53 54 82 1 38 83 37 79 35 83 38 77 62 17 97 4 83 41 2 18 48 96 1 31 61 22 50 19 85 74 5 50 73 89 63 61 10 14 3 56 47 8 2 17 82
100 3
64 13 83 89 62 4 11 64 32 83 79 32 46 38 74 94 82 16 47 10 25 71 23 47 71 58 53 61 86 62 64 68 59 31 55 85 52 22 56 46 11 71 89 73 44 77 88 83 8 68 2 94 49 91 50 46 28 67 83 88 64 19 91 13 41 46 65 73 4 35 91 32 35 47 22 32 23 11 77 55 31 74 32 41 71 80 49 1 79 31 50 55 49 88 55 37 35 53 67 23
100 3
50 11 50 80 16 52 65 28 95 55 2 51 53 89 85 65 60 35 11 44 85 47 38 47 10 17 53 18 98 80 47 26 65 92 57 95 2 83 68 86 97 8 41 52 29 67 45 17 16 32 89 8 20 56 59 92 2 6 95 7 83 25 96 40 24 58 25 79 37 72 58 82 35 24 81 34 92 97 23 7 83 35 98 85 56 25 34 47 79 34 37 80 91 50 45 53 9 92 74 49
100 3
20 73 55 88 19 7 64 77 76 93 18 61 71 70 43 31 64 76 64 52 64 26 79 85 7 80 44 83 64 49 42 76 78 44 31 40 74 7 5 76 13 64 4 29 13 73 32 16 1 59 14 57 55 94 78 15 92 14 46 97 17 79 13 16 76 3 16 58 48 4 79 76 3 22 34 29 76 80 10 20 50 43 12 43 49 68 21 29 88 12 96 64 82 11 40 80 1 1 88 43
100 3
92 13 90 46 14 2 2 7 9 55 86 38 1 34 41 22 31 33 28 39 76 82 77 74 40 79 73 64 76 82 4 58 77 10 55 98 51 50 55 35 4 61 43 44 7 52 87 82 39 96 67 67 31 91 15 76 4 73 69 19 7 36 13 14 91 17 2 25 67 64 97 97 43 5 43 88 85 7 49 97 89 79 61 42 41 53 70 85 65 28 91 54 88 91 94 43 43 61 61 40
1 2
16
100 3
25 66 64 63 46 25 37 19 76 52 70 88 44 64 83 17 8 94 38 62 33 41 94 61 14 73 83 39 88 40 34 55 37 46 23 52 40 14 17 40 63 67 70 58 50 53 73 17 3 86 51 80 43 98 32 34 16 13 70 77 11 10 23 60 46 1 58 92 21 11 37 98 76 37 19 28 43 67 85 65 74 43 2 72 38 31 82 94 46 95 44 20 22 79 29 68 98 43 32 64
100 3
97 90 63 85 90 52 95 37 37 83 27 64 31 20 23 44 35 67 82 55 91 37 7 16 53 67 49 7 82 63 34 4 61 22 84 23 46 33 31 67 31 98 22 46 71 64 43 28 91 56 10 88 26 30 32 47 58 18 58 94 31 52 22 40 71 85 8 86 25 55 11 1 15 61 25 70 5 67 47 48 4 25 53 1 84 82 28 52 85 88 19 69 62 85 52 31 25 61 83 72
100 3
1 69 78 91 59 64 95 19 38 19 34 25 14 93 17 28 52 34 86 58 88 10 37 45 49 55 92 28 58 28 73 79 77 13 5 79 31 16 7 25 76 93 39 11 18 5 98 62 49 86 91 28 1 28 40 14 76 10 67 31 81 67 73 67 36 44 76 77 16 11 43 85 34 69 91 10 43 70 11 23 33 97 10 94 20 28 37 94 93 80 88 91 40 55 73 26 40 55 10 40
100 3
34 14 14 84 83 55 52 1 82 13 73 73 1 2 69 50 77 86 70 34 95 73 25 61 16 75 25 37 1 82 66 2 16 52 70 43 64 16 25 43 67 28 40 34 28 46 64 1 53 43 8 68 55 20 34 73 27 50 71 28 78 28 82 97 14 10 53 87 49 22 62 62 85 85 83 20 73 94 52 31 21 51 65 41 96 86 92 86 52 95 34 19 91 89 58 88 67 35 40 61
100 3
97 95 75 31 2 76 79 4 28 22 11 46 83 65 34 31 19 67 7 28 74 85 94 80 16 84 62 11 31 65 74 26 72 89 95 3 28 13 36 4 59 49 25 43 55 13 98 68 77 69 79 71 70 94 1 34 64 72 84 23 77 26 82 34 16 32 27 79 16 67 23 10 20 10 73 26 10 25 39 68 64 17 97 64 25 76 55 37 28 3 40 48 70 10 94 49 23 52 71 88
1 2
69
100 3
18 91 79 63 90 22 37 76 44 72 43 24 94 15 88 52 88 13 11 76 62 19 72 90 76 63 68 7 52 85 97 19 67 37 7 36 91 52 59 38 30 88 88 4 47 62 92 75 65 4 37 45 17 82 62 22 94 89 26 16 80 69 47 4 64 19 19 1 70 83 37 61 51 31 13 17 16 77 59 58 94 49 91 52 29 88 55 10 19 45 10 65 50 79 88 70 25 55 43 41
100 3
85 16 79 23 40 1 40 94 13 16 66 76 94 17 91 91 19 70 7 43 5 66 92 59 88 49 54 28 65 28 56 19 65 56 92 35 67 31 22 35 13 21 50 52 85 80 76 7 67 31 92 61 1 25 67 58 10 94 97 88 56 14 98 64 28 43 85 73 55 34 10 67 70 1 78 8 81 10 13 32 58 59 76 22 43 16 40 55 22 57 28 79 7 85 46 37 22 85 91 85
1 3
89
100 3
50 38 66 62 26 8 71 66 2 59 68 63 74 74 25 41 44 73 95 50 27 46 73 23 68 61 13 23 14 71 20 94 91 49 31 8 10 59 18 86 62 23 41 95 64 82 95 22 6 26 50 73 57 71 41 96 35 77 98 64 47 32 82 53 72 71 86 62 77 94 38 31 1 29 62 35 65 95 97 85 92 11 31 20 12 80 29 46 89 47 3 50 8 34 92 95 45 53 70 83
100 3
67 53 62 62 70 29 90 37 94 38 65 11 52 55 50 31 41 59 93 1 16 14 38 35 78 11 41 50 4 54 12 52 50 27 9 80 14 55 34 83 38 8 47 17 79 41 62 85 86 49 32 39 66 29 6 82 4 10 31 20 53 71 83 7 53 53 55 96 53 28 28 92 67 74 17 5 73 2 47 7 74 11 86 77 2 83 32 13 26 4 50 25 44 23 77 7 7 32 10 83
100 3
71 71 22 86 38 12 8 66 9 56 44 87 41 55 41 73 49 83 62 44 26 55 55 60 23 94 79 29 7 2 39 94 5 83 50 77 36 19 47 81 74 14 32 26 59 66 84 8 47 52 42 47 53 20 14 23 11 70 89 53 7 26 26 88 5 5 80 5 86 95 43 92 98 45 56 46 91 53 86 53 56 97 35 17 53 38 5 83 27 11 98 14 65 96 17 77 31 80 13 73
100 3
88 97 72 86 58 37 44 19 76 13 37 88 86 46 50 31 88 76 53 97 94 75 4 73 95 37 34 40 49 6 85 49 34 82 52 32 12 4 40 46 31 92 70 73 98 31 76 25 12 8 5 10 22 25 22 37 65 88 71 40 97 50 47 46 64 97 2 82 61 46 97 40 67 18 83 40 16 18 37 82 80 64 4 49 11 32 31 43 79 79 82 16 76 73 63 79 81 19 40 61
100 3
53 31 14 27 41 73 56 97 2 64 98 97 26 84 44 65 25 95 74 28 94 69 95 43 94 5 59 20 55 4 11 82 71 86 29 77 47 17 97 55 29 11 74 20 98 89 39 2 50 52 68 20 52 29 26 33 77 98 92 88 17 74 29 97 74 49 71 87 1 94 83 20 95 22 47 29 59 34 47 30 98 44 64 47 15 95 8 2 41 88 77 77 74 62 10 86 7 53 55 35
100 3
26 67 16 53 31 22 15 19 46 20 61 23 49 6 7 5 22 34 16 44 19 22 14 1 43 28 19 34 82 88 47 22 10 79 85 34 94 5 58 91 79 17 85 91 10 22 83 4 70 61 71 89 77 50 10 2 85 13 16 94 28 1 70 25 13 46 35 26 44 11 44 26 52 25 85 95 92 49 94 73 30 71 63 61 38 66 37 34 16 16 82 19 43 61 11 1 17 28 10 88
100 3
65 71 58 10 46 16 19 43 70 4 67 55 76 19 72 85 27 80 63 46 50 14 33 94 84 76 22 44 42 25 36 71 83 53 58 32 92 43 19 42 13 73 43 15 62 70 74 5 28 16 2 35 35 79 58 64 4 19 17 91 61 58 25 79 42 2 7 80 53 7 15 71 64 16 51 70 38 4 52 97 68 32 50 46 97 95 10 34 64 11 76 91 40 62 21 31 80 32 90 26
1 3
4
13 3
77 23 85 17 47 94 52 30 97 31 17 56 31
100 3
8 80 59 94 88 65 86 39 40 74 25 29 76 10 28 22 1 61 2 88 98 30 97 39 3 82 16 9 46 3 46 13 82 88 80 25 17 16 13 6 10 1 32 11 91 70 51 19 76 55 49 23 26 89 96 97 67 80 94 7 47 58 25 31 13 28 67 57 57 64 47 1 34 48 73 86 88 43 16 25 73 80 86 49 13 98 67 49 79 76 57 10 55 58 89 30 39 92 14 58
100 3
85 44 17 70 80 94 80 44 65 25 41 50 20 28 8 58 22 59 89 7 70 16 70 32 92 59 12 4 47 65 32 89 62 80 86 77 65 59 74 77 27 1 34 17 34 98 2 25 23 5 34 77 47 1 47 89 16 8 68 37 95 19 70 38 68 71 65 20 85 98 11 23 31 17 55 22 13 35 30 66 82 65 20 89 7 95 69 65 26 68 82 8 83 50 13 36 23 28 10 83
14 3
38 70 83 67 44 11 7 17 14 28 50 76 6 22
100 3
89 89 2 77 23 20 94 23 53 68 50 80 20 29 12 74 34 62 87 23 83 62 85 90 56 32 8 67 47 14 14 83 65 49 19 74 7 83 68 85 27 47 13 31 46 5 32 36 5 93 16 13 95 47 13 41 31 42 58 59 59 92 65 41 68 20 89 41 46 25 79 14 92 89 61 40 38 38 64 65 53 95 61 92 2 35 68 76 35 47 11 71 33 12 77 35 80 37 17 20
10 3
1 20 1 46 70 29 23 95 61 2
100 3
21 49 82 79 80 35 82 43 31 35 47 70 82 44 45 55 14 79 12 65 2 91 10 64 72 4 89 73 64 88 70 55 22 41 10 16 17 28 40 45 77 21 57 67 61 55 92 28 52 76 71 44 19 91 34 31 14 19 34 40 26 28 89 88 59 66 40 16 24 94 31 35 1 22 25 43 62 76 28 76 10 5 22 49 73 62 26 13 91 17 64 70 55 1 28 65 61 70 94 40
100 3
85 52 68 10 25 61 88 10 25 5 52 20 11 14 79 29 10 7 14 59 37 64 88 82 96 73 11 60 8 67 71 85 58 26 64 53 46 59 1 79 7 91 22 85 94 43 32 34 89 43 16 39 35 51 20 56 55 26 85 84 19 52 74 85 59 43 76 6 94 67 65 83 71 24 52 43 26 59 64 58 40 79 1 49 22 87 1 67 88 34 76 71 42 79 70 42 69 16 94 67
100 3
25 16 78 16 56 89 28 79 91 68 25 35 19 1 70 95 41 11 61 10 21 97 80 20 7 25 38 2 25 81 62 87 97 26 70 39 13 87 76 22 37 5 97 27 2 81 76 31 1 32 42 36 79 31 77 88 76 38 51 20 49 43 40 49 62 63 62 17 52 7 70 18 73 64 1 14 37 32 75 7 25 53 11 91 52 46 37 9 25 31 15 58 16 36 79 82 64 53 10 20
100 3
92 34 47 12 51 46 17 94 23 44 2 74 41 56 32 68 21 28 58 62 83 12 47 26 55 55 80 66 64 26 71 6 53 32 29 41 65 64 31 16 65 76 98 38 80 56 71 20 86 8 8 77 67 41 89 81 38 97 59 77 60 91 62 26 85 5 80 47 98 97 50 89 71 19 29 14 63 17 48 74 7 71 75 62 42 55 70 25 23 20 98 55 94 44 86 31 41 29 95 44
100 3
53 71 50 14 14 95 80 80 70 91 13 4 38 94 73 32 83 94 83 69 85 47 18 83 8 86 89 56 26 29 76 19 89 49 82 5 35 5 18 21 14 85 41 95 36 23 50 4 95 8 50 98 89 74 73 26 62 88 83 59 74 62 17 72 26 43 16 88 14 17 14 82 52 25 29 76 55 38 29 74 1 80 76 28 44 75 28 28 31 95 69 83 8 74 8 29 87 38 28 95
100 3
58 58 27 75 73 11 52 62 8 37 91 16 11 82 79 59 83 91 79 43 15 61 97 46 97 71 47 95 73 30 91 8 56 79 28 87 46 4 39 16 7 15 31 24 73 79 52 90 57 55 67 94 97 79 13 65 71 49 55 17 22 88 43 64 85 52 79 19 25 34 88 20 35 85 1 76 71 42 4 85 37 37 25 1 93 38 20 25 11 22 10 88 11 59 22 44 61 95 32 19
100 3
72 78 75 58 73 91 86 5 47 7 31 20 34 35 71 73 50 26 57 37 34 82 91 22 94 37 72 21 52 73 29 46 85 64 91 82 89 3 2 60 80 73 7 48 37 89 73 43 77 8 97 49 22 93 61 39 17 61 71 85 16 37 76 46 75 47 25 19 58 47 19 97 47 38 86 41 54 67 70 70 98 58 36 98 73 40 19 52 41 47 97 20 19 3 6 47 52 7 37 71
100 2
53 27 29 15 77 52 94 47 1 29 7 77 6 61 60 19 65 48 11 51 37 50 8 97 23 6 52 66 30 72 75 18 6 57 19 30 59 73 23 5 37 25 65 80 92 38 61 69 68 8 83 91 65 87 99 76 85 70 24 2 92 46 94 87 12 29 4 65 60 79 4 65 96 53 8 98 74 78 44 92 58 74 48 10 52 97 81 15 34 95 64 31 83 48 49 58 35 74 4 88
17 3
4 11 17 64 13 4 22 2 38 94 1 11 32 35 64 19 28
100 3
2 9 93 35 14 85 98 86 50 50 23 31 65 1 95 53 61 90 53 64 70 1 32 69 61 38 71 11 89 5 23 68 83 23 59 9 5 70 88 47 55 98 16 17 25 13 65 47 25 44 23 48 79 51 32 14 72 86 28 17 62 29 25 68 26 85 97 95 50 72 47 74 35 16 24 47 10 10 58 98 40 17 17 94 74 82 50 56 2 22 21 50 35 70 38 94 2 15 95 29
100 3
1 35 92 80 59 17 53 65 62 80 50 70 25 16 47 8 71 69 26 95 83 20 80 59 74 83 89 13 32 77 68 5 87 62 63 20 5 46 51 40 28 5 8 53 83 65 5 98 98 34 84 55 4 95 62 31 79 89 7 26 62 78 4 55 26 68 98 8 32 31 68 16 68 85 91 53 53 13 95 8 80 35 77 20 59 38 2 2 26 59 98 20 65 91 68 56 68 59 82 20
100 3
4 61 22 19 68 89 27 25 48 72 73 55 82 52 61 58 8 58 48 85 98 4 82 46 87 98 64 59 13 26 32 78 11 50 43 35 35 94 58 39 14 3 28 38 7 10 22 78 79 56 85 97 17 58 46 2 63 91 55 70 84 4 33 52 46 24 13 59 78 8 68 65 31 69 88 46 82 18 11 4 37 8 73 46 46 69 29 49 14 55 58 82 21 17 76 58 64 8 40 13
100 3
37 86 74 83 84 98 28 31 86 2 85 11 43 14 79 35 47 38 37 85 25 47 59 62 74 52 23 8 45 71 62 83 28 80 65 5 35 14 77 68 7 76 19 2 83 55 67 62 77 86 77 1 89 95 55 23 97 5 80 59 61 72 18 50 95 76 77 62 55 9 17 53 56 68 78 71 10 65 32 47 83 71 53 70 22 26 91 22 13 68 46 27 17 92 46 59 35 44 38 58
100 3
94 16 1 10 7 83 95 34 95 16 55 79 31 58 3 77 76 34 7 22 65 19 83 20 1 35 25 71 91 16 58 32 49 26 70 59 52 76 71 85 46 7 89 73 82 58 70 26 22 67 67 29 83 82 9 28 1 80 51 43 28 61 94 53 63 17 83 61 4 73 44 22 14 16 95 34 28 22 52 56 11 2 11 83 89 25 85 13 98 89 16 64 43 88 28 52 70 82 35 19
2 3
61 49
25 3
20 46 86 67 23 70 70 50 2 27 95 41 39 83 13 15 59 89 39 32 75 55 32 35 34
100 3
24 45 12 88 56 77 4 52 17 47 98 68 31 34 30 50 39 24 71 8 26 68 50 77 87 95 9 72 78 43 61 97 81 64 19 67 4 3 57 65 31 24 20 62 98 35 55 17 7 19 13 77 34 69 18 49 19 92 80 10 94 31 26 64 3 12 29 7 31 42 48 8 59 34 84 97 22 48 30 27 48 95 66 71 93 13 71 78 37 1 14 54 12 27 71 6 27 74 94 74
24 3
55 38 73 49 31 97 22 76 18 64 55 76 91 23 13 2 27 34 31 54 66 59 79 23
100 3
49 87 28 59 68 75 98 19 79 11 67 66 70 28 46 85 90 23 19 4 46 16 3 37 35 19 58 14 19 64 2 7 18 72 7 12 1 91 11 14 93 64 46 51 19 49 43 78 25 4 4 58 84 31 76 56 42 46 12 52 13 10 17 16 93 85 4 23 49 88 22 19 19 94 32 32 68 79 94 4 85 84 37 94 45 86 70 79 51 71 85 13 1 34 67 90 98 73 70 70
100 3
43 32 76 8 58 85 52 64 76 40 87 17 47 93 14 68 46 77 22 42 13 98 44 23 81 4 11 26 40 42 28 13 48 22 34 74 54 49 25 67 10 57 25 34 25 4 10 49 22 61 20 46 16 79 46 90 13 98 46 34 11 56 47 35 79 73 37 53 68 2 64 47 16 52 78 34 67 14 65 51 28 19 34 28 82 28 82 10 98 66 72 85 4 56 40 95 70 26 78 1
1 3
81
18 2
50 6 42 70 55 53 37 84 82 41 44 52 71 37 6 34 45 44
100 3
80 90 4 77 97 20 85 8 65 86 89 94 2 68 65 1 97 83 2 2 95 83 58 16 71 83 83 23 89 50 4 52 53 29 74 71 61 38 41 59 10 97 44 27 51 91 47 62 59 35 17 65 38 71 68 39 25 8 30 35 60 91 71 78 49 36 61 68 84 35 11 93 44 7 43 41 85 71 56 92 32 95 33 35 44 65 93 45 85 89 38 56 41 11 86 47 43 59 95 44
100 3
25 68 26 2 6 47 14 94 1 83 44 68 56 41 98 61 70 73 49 32 11 20 29 52 66 18 91 26 71 70 61 98 80 47 67 50 31 5 32 62 95 5 50 24 28 20 63 41 25 17 38 89 85 92 23 97 44 10 11 15 92 47 62 95 56 1 11 67 17 83 59 62 77 65 70 89 86 10 7 97 25 22 29 41 74 2 65 77 11 63 2 44 76 98 67 55 76 14 96 9
100 3
56 86 40 32 30 76 38 56 17 91 4 95 46 50 8 98 86 8 98 86 56 86 14 52 59 94 79 65 17 26 75 14 89 40 86 55 64 2 89 10 6 92 68 65 95 35 17 8 92 11 22 48 98 50 44 98 17 40 4 64 68 53 55 71 70 50 51 50 59 34 89 4 71 63 85 69 88 98 11 8 19 90 65 65 88 38 19 63 20 43 50 38 79 81 76 44 40 11 49 86
100 3
85 62 1 34 7 11 79 5 86 28 34 59 76 22 70 61 70 2 59 32 98 49 43 10 25 91 53 10 89 92 27 1 65 56 40 89 17 67 85 5 56 49 91 22 43 7 95 76 35 16 67 67 38 37 41 91 76 19 77 31 74 79 67 61 29 74 16 59 10 67 52 61 46 19 87 40 52 91 49 82 89 64 52 51 40 31 79 52 18 82 25 4 49 44 25 28 31 50 97 95
