150
93571
3362271 4467137 7142765 595481
11890 28173 67012 11974
517276
3679909 725989 6219138 4563679
9288 73488 73962 44632
464409
5099568 3841791 735959 2948861
60641 90781 3122 77851
173932
592924 1 13 2261200
69110 1 4 19660
484108
4529860 4822328 524808 7847633
87202 29575 88501 28189
260641
7996589 1980053 4750422 4038953
27385 37478 23029 68554
692094
5266521 7814603 6792948 6262489
37281 10251 31685 8249
335269
3499351 8064746 572911 4023353
23700 59858 39457 82703
490826
4070072 1127416 6034324 2724719
86690 55980 57557 52510
800000
4184377 726967 7510534 3897703
48427 52570 85560 36214
421832
6634028 1 11 4640403
23600 1 3 28559
431368
5849416 6126122 9695664 1768477
72036 60999 58593 46642
123278
6184716 1 10 1233176
59659 1 5 69293
376837
580805 1 12 4522477
94374 1 1 34989
346976
3176025 6618983 5462775 3657419
5646 42563 63947 85745
50006
1877750 2609670 6895389 5405509
81811 50503 81980 38462
705333
9920596 6318926 3944744 8179393
60669 7163 8605 17062
123330
2885125 4754653 5353431 5002157
59708 59359 65422 57387
669918
3255587 1 13 8709522
71775 1 4 24568
800000
1977106 1101999 5354543 3654641
54538 61076 78852 41696
800
1 13107 5 12917
1 12917 5 13107
583767
3716257 9254192 9553421 1690019
78839 32822 61833 73258
107776
1721168 1059858 4159252 6538507
85462 4155 63706 69001
335238
3245321 3989698 5173662 9974369
64212 6824 61281 21369
220265
7622650 9423637 2150413 8682589
92212 47468 77532 36760
45114
5005978 2108148 8470666 3274879
97280 82300 69616 67891
460160
1035446 1592362 4729973 8105711
10757 65826 15937 75493
135621
7571459 4137419 2832095 3250333
33647 16560 68223 46578
74387
1392881 8899251 6165704 3539713
74238 77093 87275 90940
235800
9113865 8808830 3002909 3986771
79586 24715 12561 62389
778731
3706164 1800916 5978520 7871207
27118 11705 6908 85465
366822
5478191 3127005 3925488 9187727
96436 21755 49375 39146
182322
5031650 8126031 7696783 6269051
87209 80191 66923 93012
155273
3049473 8473871 3522430 2330771
31458 54187 68523 36770
302752
91982 8008864 5013407 3750623
57507 38107 43433 55356
547593
9799156 7817383 5484531 3474257
83236 27640 8750 81069
679575
3228222 5225474 4203750 3901217
83074 39223 45263 49101
799135
6436339 6922120 7913867 3346951
58 1 0 83178
799918
8026988 8815361 8434028 7598893
64 1 0 39039
425699
661521 368897 2379975 6069067
64529 44238 82852 73772
763740
4321664 1435286 9450425 5494277
77738 82822 28133 23776
582345
222329 7577575 7114137 6001447
9330 84145 61996 29519
443552
1064400 7698489 2742884 5710979
25708 91773 26321 18586
319045
4033431 2830915 705078 2193421
88087 83917 63361 51412
537584
4463039 8809641 649221 6023939
24112 97877 45363 94587
575828
2404285 2418492 8154851 5314117
94755 18116 40010 96425
779574
4428987 1879449 156801 9414673
2425 43645 7441 94460
471537
74105 1 14 6601584
19665 1 2 82759
363374
7634548 5720207 8196092 5419907
91795 21105 31942 96570
135431
5077930 9908269 4697063 2216021
69668 52228 51017 25459
228115
1947956 7666803 1806824 602233
14879 46203 73907 97827
175191
8881569 3979404 7922901 8677967
39044 84149 97212 13848
799796
756517 7342784 1046569 7252879
56 1 0 48271
108561
4438077 1962028 9715411 9640693
51384 52474 56351 44199
799897
9897009 8263191 7365771 8027339
88 1 0 69989
342962
2237344 7542786 1996774 6451187
56617 12386 38797 5946
316132
8095595 6591949 23847 1815103
14787 90898 10820 20131
224230
868223 5015144 8006892 2440153
84534 39226 25142 40985
376239
5119320 4825672 9774660 6825901
1600 24334 93269 64903
800000
1261916 2960160 892887 6372013
36813 12955 35356 63252
16115
7377622 4423239 3428119 4522501
4911 14189 68541 57878
454314
5028549 799985 574645 5791901
17345 73846 99156 86223
546437
5194966 1300651 2164371 3453283
63842 46248 63455 19520
623885
671111 4861342 9501914 5980127
18633 80665 98797 27829
710795
2647346 6100657 1416561 2124197
70998 53511 85482 75083
228905
5363599 859661 501337 4462817
26370 53013 77566 11872
661672
8037010 4931374 7833802 2071291
76027 35013 8188 39447
800000
1836621 1140525 201072 6553111
81410 26408 62566 76085
776203
2976622 4456117 6143950 6643499
78062 26165 25565 44856
734168
7525645 2354352 8053222 5247163
64171 53886 58018 98940
236696
7518701 7332604 8479202 5552363
22390 9566 72774 69924
276195
3932128 2817189 6584557 7016467
33040 72275 99069 18697
290888
9661242 4255961 4603570 1195679
50643 24046 62980 32671
108290
250714 1726083 9424014 4635083
98705 17630 73253 30540
111272
3950833 2097098 1728066 7251823
32729 79714 67463 77795
799523
6188922 6879499 259817 3927593
10 1 0 23851
271826
5848681 3660734 6561615 9781361
45804 5964 98592 49354
63717
4026285 9909226 1564666 9558643
20485 51023 65154 76716
403054
6075371 909736 661980 4610917
58649 6595 39588 72103
280247
6094389 7193120 6752392 923719
94336 55909 17357 65544
225780
2309498 480333 7120626 3493367
81133 44159 80440 29688
332033
849700 6210907 5139030 1266079
32446 70670 50014 68508
799314
496884 5173679 4334722 5846233
89 1 0 43136
202061
6818117 8820143 3299423 2465951
51168 32602 16943 99213
18827
9521417 1 10 189194
79035 1 3 96645
362299
1928754 1187061 3499879 6664447
48850 10204 83232 83471
486662
3825826 3270761 4143198 7129261
16490 82961 99312 51790
465297
5351914 4735557 3049628 8878949
32722 17034 85438 75210
800000
1202664 8506983 6650965 8225317
16849 36670 96174 1957
386293
5578388 1680540 2968626 3425507
7298 53688 65656 37094
507459
8300885 662483 7070613 2399029
19185 25823 5281 24111
799948
6006947 3147310 5573892 8225117
1 1 0 50601
194553
5770863 5923674 6999039 9119987
18455 40448 24123 42326
677825
2564652 5399782 7262727 5812073
48018 54356 40520 14630
220793
5326951 3275424 9531491 5962063
17479 81779 42888 50654
319794
3378116 3294995 2218087 6909751
34861 9976 58645 64437
595993
1404508 1095398 1462461 6214751
46267 23039 7917 71333
5
1 1 0 100
1 1 0 100
633900
3516515 5640035 8740030 8095441
86927 4222 96681 62501
354502
9725102 7844756 2216225 4246217
55709 33946 57710 59393
234207
7592124 1753418 8121038 1987247
98959 51187 51737 52247
232194
5593217 7115209 89016 4781737
87415 24272 8646 14743
102124
7514971 6139260 4296547 5303693
10601 11676 22586 94653
331802
5476430 1090505 3383912 7015787
20582 95030 160 99176
10
1 1 1 100
1 0 0 100
800000
9284363 992074 5483194 6912539
204 68884 1353 65381
16632
4864709 8944027 5748292 8519053
9356 97277 45736 55087
629293
5063110 493004 7305389 9835733
52012 6641 87766 8734
543405
5544278 5212069 6627925 5296793
98943 75613 62463 59472
166963
6777301 5587025 4787909 4810483
85156 38666 83607 3322
800000
7880818 5932472 2427109 3877781
1171 40625 63531 758
800000
4332581 1738230 8853842 7979057
66171 9761 63488 15137
149538
691914 3485163 9500683 5065603
86794 65005 72895 44384
799911
4647118 8230784 414342 4826291
11 1 0 70867
797449
2192088 2169013 1434914 5997223
87653 82448 28877 28447
331451
3795470 6531800 1699694 8922097
37054 87881 35738 54478
778143
2629212 8081024 6527513 5004053
53380 6975 14068 86576
123060
1447929 6188878 7591103 2399119
98414 3581 92137 81637
85311
5188284 3939570 1228251 6839939
25994 48757 11125 4026
286961
8385198 3987078 2169189 8017643
55037 6417 39137 86313
701470
1231899 3180633 1557767 7692767
65285 33523 91043 33180
5
1 1 0 100
1 0 0 100
591488
800604 5311992 4911106 9432653
35609 80010 78381 84061
800000
6663773 2128441 4859555 6731059
20543 89865 38934 40017
757567
5062253 8359896 5208624 8693281
39625 14518 67723 35908
583190
248316 5112331 2783051 4007477
79206 6792 76769 80493
534410
9507852 9152418 5624994 7825459
20196 63431 32808 35189
20095
7889401 2178548 5971737 3940021
2841 62563 80585 14240
355851
9373744 4609384 6078280 9812183
14819 41649 18505 14986
724211
4699617 1 10 7242187
41625 1 3 16697
196010
8774318 613918 7674553 8352901
61482 12361 75623 6767
544300
1938233 5065572 2344073 6767687
75532 29891 72264 74660
396025
5344271 3955475 7015624 9597751
38461 39349 20419 27616
799246
7130761 6216496 2575834 7255711
71 1 0 10078
768796
3268217 3435571 6741191 4012381
90911 17965 69552 37076
96998
1661979 3915679 5075979 2906549
99284 1857 27886 82511
262616
3276410 4096021 8164101 4048249
61864 48150 88567 22581
158645
3932852 2786994 887114 5226421
22550 55416 3068 94050
729196
3140885 8623960 2063822 6055139
91854 92821 2962 23976
13
3 3 0 100
7 7 0 100
446842
5384103 9160440 6242091 9520793
76296 84176 45356 72115
799518
4036690 9290972 629041 9409319
67 1 0 35880
732814
6181874 6876040 2702549 8962741
2650 42780 85021 47251
264271
9358848 7084891 7133303 4978199
60146 68078 5949 63893
737865
9090309 4711051 421395 9634357
59890 90684 17122 39535
571930
8426282 1 12 6863836
90619 1 2 22779
743193
4629066 3186695 5475779 3622511
90359 85420 89158 67869
753208
5056419 2460242 2536661 3503869
80172 20090 37841 2145
246076
9561676 6032061 2784150 7419299
87279 32100 72523 83644
687327
5945446 1228581 2619650 7171259
47097 12546 53877 97438
