100 683830385 0 500
629076010 287856041 855658818 111649879 4656118 577318903 619051630 777180441 558931531 111286431 64136416 254461847 627383911 937970627 493400950 832387259 128712301 350976196 595992434 707856424 705375414 989697398 270194303 968901542 428044975 541390459 285602398 575600590 936708864 101647079 598234696 764952048 718971747 805586582 799735603 51074502 483221419 930159126 975979679 713271709 230103704 163780987 823718878 629277262 693772929 335680011 477565511 598080451 266324294 372545466 182674398 935932690 969706737 397232769 266508590 740720348 363058730 782233034 134476636 573543687 185875419 786083392 664578138 802785859 951140449 712861443 747623830 779635054 310045078 496573517 212575076 64306018 240930917 696481267 248198170 178999167 315999890 728630677 888055262 946634258 690989841 810444519 299423028 672976807 899160734 595959384 442912472 962527235 695654466 140645533 408812002 19884436 861880815 976751794 488845007 484981354 836923576 744109937 417639215 209652545
2 0 37
2 3 23
1 23 0
2 23 78
1 68 585786412
2 51 70
2 5 72
2 23 83
1 72 626223311
2 15 77
1 68 0
2 68 79
1 74 0
2 74 99
2 42 58
1 73 978103351
2 21 83
2 21 31
2 14 51
1 38 732967328
2 24 73
1 49 704291278
2 29 94
2 46 71
2 58 80
2 24 32
2 50 53
1 65 0
2 65 89
1 40 123631501
2 25 43
2 14 38
2 7 24
2 7 64
1 7 0
2 7 90
1 71 80638047
2 37 72
2 45 82
1 14 0
2 14 32
1 16 0
2 16 97
1 77 181673802
2 40 82
1 55 0
2 55 92
1 6 0
2 6 90
1 43 164673942
2 10 47
2 70 81
1 29 0
2 29 98
2 40 46
2 30 91
1 24 0
2 24 71
1 35 0
2 35 49
1 47 0
2 47 84
1 72 629098648
2 55 77
1 70 943891716
2 9 89
2 7 14
1 71 0
2 71 90
2 80 87
1 41 0
2 41 51
1 73 557039488
2 55 82
2 36 82
1 23 0
2 23 99
1 30 0
2 30 68
1 23 880319429
2 23 49
1 60 511058095
2 35 62
1 53 821529299
2 13 88
1 24 0
2 24 91
1 10 0
2 10 25
2 93 95
1 39 0
2 39 83
1 26 0
2 26 77
1 22 0
2 22 95
1 65 0
2 65 75
1 44 0
2 44 78
1 86 474665048
2 84 86
1 77 924491396
2 58 92
1 4 0
2 4 33
2 22 49
1 20 546189005
2 0 72
1 66 0
2 66 95
1 34 919406068
2 8 41
1 85 644307138
2 82 89
1 47 0
2 47 93
1 34 24118610
2 9 46
1 73 0
2 73 74
1 92 554357419
2 87 93
1 64 28496202
2 46 66
1 23 0
2 23 29
2 4 62
1 11 0
2 11 68
1 34 0
2 34 72
1 82 126859697
2 82 86
1 55 0
2 55 93
1 76 767655078
2 37 81
1 18 0
2 18 53
2 71 75
1 65 671708015
2 22 91
1 82 178119779
2 79 90
1 98 0
2 98 99
2 39 85
1 42 0
2 42 85
2 7 65
1 85 549479356
2 53 87
1 42 0
2 42 86
1 22 0
2 22 81
1 31 669520781
2 29 31
1 58 0
2 58 88
1 8 0
2 8 99
1 7 0
2 7 44
1 37 13734575
2 22 82
1 42 0
2 42 63
1 0 0
2 0 83
2 13 63
2 17 78
1 69 0
2 69 95
1 18 0
2 18 61
1 40 0
2 40 43
2 16 27
1 15 0
2 15 64
1 36 0
2 36 41
2 16 20
1 71 716465824
2 54 81
1 44 0
2 44 85
1 21 745520975
2 21 23
1 20 0
2 20 60
1 29 369341060
2 15 36
1 68 0
2 68 88
1 5 0
2 5 89
2 11 33
1 62 397275513
2 1 72
1 10 0
2 10 16
1 27 0
2 27 59
1 24 659966909
2 18 26
1 16 0
2 16 19
1 52 0
2 52 76
2 89 93
1 4 0
2 4 8
1 72 540897226
2 36 74
2 45 90
1 84 0
2 84 97
1 9 0
2 9 10
1 34 0
2 34 89
1 1 0
2 1 77
1 19 0
2 19 22
1 52 0
2 52 94
1 35 0
2 35 47
1 20 0
2 20 64
1 14 0
2 14 93
1 10 0
2 10 81
2 12 93
2 4 38
2 10 49
2 43 90
2 76 87
1 13 0
2 13 19
1 29 0
2 29 56
1 23 0
2 23 25
1 53 139186462
2 3 97
2 4 90
1 35 0
2 35 48
2 13 66
1 31 244594734
2 31 63
2 31 56
1 2 0
2 2 21
1 35 0
2 35 84
1 54 0
2 54 83
1 56 0
2 56 64
1 15 0
2 15 72
1 88 952608526
2 14 93
2 64 93
1 17 0
2 17 33
2 8 15
1 12 0
2 12 53
1 36 0
2 36 47
1 6 0
2 6 57
1 51 425708032
2 42 94
1 55 0
2 55 67
1 43 868522077
2 34 66
1 76 0
2 76 91
1 0 0
2 0 20
1 18 0
2 18 70
1 66 0
2 66 99
1 66 61697192
2 45 73
1 4 0
2 4 39
1 56 225551522
2 45 84
1 59 0
2 59 92
2 4 93
1 68 0
2 68 70
2 66 90
2 47 88
2 1 7
1 64 0
2 64 70
1 8 0
2 8 75
1 58 0
2 58 75
2 7 98
1 38 0
2 38 55
2 15 87
1 7 0
2 7 30
1 87 0
2 87 89
1 20 282036950
2 5 63
1 45 0
2 45 83
2 56 67
1 41 0
2 41 97
1 10 0
2 10 39
1 23 432932278
2 21 47
2 41 61
2 10 27
1 34 0
2 34 39
1 8 666509031
2 7 89
1 5 0
2 5 14
1 74 0
2 74 93
1 21 0
2 21 23
1 65 0
2 65 85
1 18 0
2 18 72
1 36 0
2 36 53
1 46 0
2 46 49
2 6 12
2 21 59
1 0 0
2 0 50
1 4 0
2 4 27
2 3 50
1 6 0
2 6 36
2 27 47
1 4 0
2 4 47
1 34 0
2 34 50
1 59 148315422
2 54 60
2 10 38
1 20 0
2 20 21
1 22 0
2 22 89
1 47 843810809
2 11 54
1 4 0
2 4 87
1 45 672812119
2 43 74
1 22 0
2 22 53
1 13 0
2 13 77
1 54 0
2 54 97
1 92 0
2 92 96
1 94 538804939
2 18 94
1 19 0
2 19 80
2 38 84
1 29 781166310
2 17 92
2 58 78
2 49 89
1 69 174267679
2 65 82
1 5 0
2 5 49
2 28 41
1 44 320918343
2 24 93
1 36 204663537
2 23 50
2 57 67
2 20 62
2 13 91
1 44 0
2 44 97
1 15 0
2 15 95
1 4 0
2 4 82
2 28 61
1 10 0
2 10 73
1 0 0
2 0 26
1 10 0
2 10 28
1 4 0
2 4 17
1 76 418294692
2 62 79
1 6 222036482
2 1 80
1 28 0
2 28 97
1 75 0
2 75 81
1 52 802176171
2 40 99
1 56 916432436
2 43 81
1 73 0
2 73 79
1 39 0
2 39 68
1 46 0
2 46 77
1 21 0
2 21 57
1 20 0
2 20 75
2 10 30
2 89 96
1 5 0
2 5 73
2 35 48
1 0 0
2 0 47
1 30 0
2 30 98
1 27 430181088
2 26 27
2 22 31
1 47 0
2 47 59
2 72 76
1 62 0
2 62 88
1 21 920791687
2 13 56
2 52 67
1 74 0
2 74 95
1 86 901591422
2 72 87
1 14 0
2 14 44
1 19 944586679
2 18 29
1 63 261346895
2 8 82
1 58 0
2 58 81
2 2 45
2 49 63
1 6 112494896
2 6 96
1 9 0
2 9 89
1 41 0
2 41 81
1 19 0
2 19 53
2 13 67
1 56 666153292
2 55 60
1 47 0
2 47 93
2 43 75
1 1 0
2 1 73
1 7 0
2 7 68
1 40 0
2 40 72
