50
3
1 2 3
2 3 5
3 5 6
2 3 4
1 2 3
2
2 4
6 8
2 6
10
20 25 27 28 29 31 32 34 37 39
12 17 20 21 22 27 29 30 32 37
21 28 31 33 34 35 37 39 40 43
4 5 7 9 11 14 17 18 20 22
16 20 23 26 28 31 33 34 37 40
14 18 22 24 25 29 31 33 34 39
10 11 13 15 17 21 22 27 29 34
11 14 16 18 21 24 26 28 31 35
6 7 10 13 14 16 18 23 27 31
1 4 5 8 11 13 16 19 20 21
8 11 13 14 15 18 21 24 26 29
4 5 7 11 13 15 17 22 25 28
1 4 6 8 10 11 12 14 16 19
11 13 14 15 17 21 22 25 28 31
19 22 26 29 31 32 34 35 39 43
5 7 10 11 13 16 20 22 23 26
16 17 18 20 22 26 29 31 33 34
19 22 23 26 27 28 30 33 34 35
8 9 11 14 15 18 20 26 28 33
7
8 17 18 26 29 33 40
13 24 28 32 36 40 41
4 5 8 10 13 17 19
11 17 20 24 26 29 32
12 19 20 29 32 34 41
4 8 10 17 20 22 28
1 4 6 10 11 12 13
12 21 22 27 31 33 34
5 10 11 21 24 27 32
6 13 15 24 26 31 36
1 3 4 5 6 8 12
10 14 17 21 24 26 29
6 9 10 11 15 18 20
2
6 8
4 8
2 6
3
3 4 5
1 2 3
2 3 4
1 2 3
2 3 4
8
9 12 16 17 22 25 27 30
2 4 6 8 9 10 13 16
6 7 11 13 18 19 21 22
3 5 7 9 12 15 18 21
18 19 22 26 30 33 35 36
2 3 6 9 11 13 16 18
16 21 24 26 28 33 34 36
13 18 20 21 26 30 32 35
11 15 18 19 22 25 26 28
16 18 21 24 27 29 32 34
6 8 11 13 16 18 20 24
10 15 18 19 25 27 29 33
13 16 19 20 25 27 30 33
8 9 13 14 19 20 24 26
9 12 13 14 17 19 21 26
2
22 222
2 22
22 222
4
3 6 8 11
6 10 11 13
5 10 14 16
8 11 18 21
11 16 21 23
9 13 21 23
8 14 18 21
9
5 8 9 11 13 15 16 17 19
11 13 14 17 18 20 21 25 27
8 10 12 15 16 17 19 20 22
9 12 14 16 17 19 20 21 23
2 4 5 7 8 10 12 14 16
10 14 15 17 19 21 23 25 26
3 6 7 9 11 12 14 15 17
2 4 6 8 9 11 12 13 14
6 8 11 13 15 16 17 18 20
9 12 13 16 17 19 20 23 24
7 9 10 13 15 16 17 19 21
8 11 12 15 16 17 19 21 23
5 7 9 11 13 15 16 17 19
1 2 3 5 6 8 9 10 12
3 5 7 9 10 12 13 14 16
1 2 3 5 7 8 9 11 12
12 14 16 19 20 22 23 26 28
10
9 12 19 22 25 28 30 32 33 36
19 28 34 37 39 41 48 52 57 61
18 25 29 31 32 38 43 48 53 58
4 9 14 17 18 19 24 25 30 35
4 9 10 13 15 20 23 25 26 30
17 22 24 26 29 34 38 42 45 48
20 26 32 34 38 41 47 52 56 58
9 12 14 18 22 26 27 29 30 34
26 30 43 45 53 57 59 62 67 72
30 34 47 48 58 61 62 67 68 74
10 14 22 24 29 34 36 38 39 42
25 32 38 45 48 52 55 58 62 67
25 29 38 42 48 52 55 58 62 66
23 27 36 38 43 48 49 55 59 61
13 18 23 26 31 37 41 45 49 50
30 33 39 49 51 56 59 62 67 68
15 22 28 29 32 39 45 48 51 53
35 36 42 50 53 58 61 66 72 74
24 30 36 41 45 47 49 55 59 62
8
5 10 15 17 19 20 23 25
23 25 40 46 48 52 57 59
12 17 23 28 32 35 40 41
10 14 17 19 21 23 25 28
23 28 40 48 54 55 59 64
19 25 38 43 49 54 57 61
8 14 18 20 21 24 25 27
25 27 41 48 49 55 61 64
5 8 12 15 16 18 19 23
18 23 37 42 45 48 52 55
16 21 33 38 39 42 48 49
20 24 35 41 42 48 54 55
17 20 28 31 38 42 43 48
19 21 32 36 39 45 49 54
15 18 23 28 33 37 38 40
10
2 3 5 7 9 11 12 13 15 16
3 4 6 7 9 11 12 13 14 16
5 7 9 11 13 14 15 17 18 19
16 17 20 22 25 27 28 30 32 34
5 7 11 13 14 16 17 20 21 22
15 16 19 21 24 27 29 31 33 34
12 14 16 17 20 21 23 25 28 29
2 3 4 5 7 9 11 12 13 15
9 11 14 16 17 20 21 23 25 27
7 8 11 13 15 16 18 19 20 21
12 13 17 19 22 24 25 27 28 30
13 14 18 20 23 26 28 30 31 32
15 16 19 21 23 25 27 28 31 33
4 6 9 11 13 15 16 18 19 20
9 11 13 14 16 17 20 22 23 24
3 4 7 8 11 13 14 15 16 17
7 9 13 15 16 18 20 22 23 25
13 15 18 20 22 23 24 27 30 31
11 13 15 16 18 20 21 24 26 27
3
2 3 4
3 4 5
3 4 5
1 2 3
2 3 4
4
11 14 15 16
6 9 14 15
12 15 16 17
10 15 16 17
8 9 11 15
8 11 15 16
4 8 11 12
7
1 2 3 4 5 6 22
1 2 3 4 5 6 23
4 9 13 16 17 18 28
6 11 15 18 20 21 33
4 9 13 16 17 18 29
23 24 27 29 30 32 34
5 10 14 17 19 20 31
2 7 8 9 10 11 24
22 25 26 28 31 33 34
2 7 8 9 10 11 25
3 8 12 13 14 15 26
3 8 12 13 14 15 27
6 11 15 18 20 21 32
4
4 5 6 7
3 4 5 6
3 4 5 6
2 3 4 5
2 3 4 5
1 2 3 4
4 5 6 7
6
6 9 13 15 19 22
11 13 15 18 22 27
2 5 8 11 14 18
4 7 9 13 15 20
9 16 19 22 23 30
5 7 9 13 16 18
14 15 19 20 23 28
2 4 6 8 9 13
18 20 22 26 30 33
8 9 13 14 19 23
13 18 23 27 28 33
4
7 10 12 13
8 9 11 13
3 5 6 12
2 4 5 10
1 2 3 8
3 5 6 11
1 2 3 7
2
5 8
2 5
3 8
4
2 6 8 11
2 3 4 5
3 7 13 18
11 18 19 20
5 12 19 20
6 7 9 12
8 13 16 19
6
12 16 17 19 22 23
7 10 13 15 18 19
9 14 16 18 19 22
8 11 12 15 17 20
11 13 19 20 22 23
2 3 6 7 8 11
6 8 9 12 16 17
4 5 8 10 12 13
8 12 16 17 19 22
2 4 5 8 9 12
3 5 6 11 14 16
4
7 10 13 15
3 7 10 12
6 9 13 15
8 12 15 16
1 4 7 8
4 7 9 10
1 3 6 7
3
1 2 3
3 4 5
3 4 5
1 2 3
2 3 4
7
2 9 16 23 30 37 44
29 30 31 32 33 34 35
4 11 18 25 32 39 46
8 9 10 11 12 13 14
22 23 24 25 26 27 28
1 8 15 22 29 36 43
36 37 38 39 40 41 42
15 16 17 18 19 20 21
3 10 17 24 31 38 45
6 13 20 27 34 41 48
5 12 19 26 33 40 47
7 14 21 28 35 42 49
1 2 3 4 5 6 7
2
2 22
22 222
2 22
10
1 2 3 4 5 6 7 8 9 10
61 62 63 64 65 66 67 68 69 70
1 11 21 31 41 51 61 71 81 91
41 42 43 44 45 46 47 48 49 50
6 16 26 36 46 56 66 76 86 96
4 14 24 34 44 54 64 74 84 94
21 22 23 24 25 26 27 28 29 30
91 92 93 94 95 96 97 98 99 100
31 32 33 34 35 36 37 38 39 40
11 12 13 14 15 16 17 18 19 20
81 82 83 84 85 86 87 88 89 90
8 18 28 38 48 58 68 78 88 98
9 19 29 39 49 59 69 79 89 99
3 13 23 33 43 53 63 73 83 93
2 12 22 32 42 52 62 72 82 92
10 20 30 40 50 60 70 80 90 100
51 52 53 54 55 56 57 58 59 60
5 15 25 35 45 55 65 75 85 95
71 72 73 74 75 76 77 78 79 80
10
59 69 75 88 114 129 154 168 178 197
5 23 38 48 69 93 105 123 136 146
4 5 19 23 26 51 73 75 91 109
68 105 122 154 170 183 206 212 224 227
75 86 130 153 168 184 212 226 239 263
19 40 44 56 75 116 122 136 144 163
26 48 82 96 114 149 170 187 195 222
108 146 163 204 222 244 250 263 282 306
73 83 126 127 154 172 206 219 234 250
106 136 144 188 195 213 234 239 262 271
40 48 56 70 96 109 127 153 174 188
91 93 146 174 178 198 224 234 262 282
37 38 44 61 82 105 126 130 146 165
109 133 165 188 197 210 227 252 271 306
4 13 37 40 59 62 68 82 106 108
23 43 61 70 88 129 154 179 188 204
62 93 116 129 149 155 172 184 198 210
82 123 136 179 187 188 219 226 234 252
13 23 40 43 48 64 83 86 93 133
7
7 10 11 13 15 16 18
1 3 4 5 6 7 8
5 7 8 10 12 13 15
3 5 6 7 9 10 11
8 12 14 15 16 17 19
9 10 13 14 15 16 17
7 9 11 13 14 15 16
6 8 9 12 14 15 17
3 6 7 8 9 11 14
1 2 3 5 7 9 10
2 5 6 7 8 10 12
5 7 8 10 13 14 16
10 11 15 16 17 18 19
10
6 7 8 9 10 11 12 13 14 15
9 10 11 12 13 14 15 16 17 18
2 3 4 5 6 7 8 9 10 11
4 5 6 7 8 9 10 11 12 13
8 9 10 11 12 13 14 15 16 17
7 8 9 10 11 12 13 14 15 16
1 2 3 4 5 6 7 8 9 10
7 8 9 10 11 12 13 14 15 16
6 7 8 9 10 11 12 13 14 15
1 2 3 4 5 6 7 8 9 10
3 4 5 6 7 8 9 10 11 12
10 11 12 13 14 15 16 17 18 19
2 3 4 5 6 7 8 9 10 11
5 6 7 8 9 10 11 12 13 14
4 5 6 7 8 9 10 11 12 13
9 10 11 12 13 14 15 16 17 18
3 4 5 6 7 8 9 10 11 12
8 9 10 11 12 13 14 15 16 17
5 6 7 8 9 10 11 12 13 14
6
4 9 13 14 19 21
14 16 20 22 30 33
15 20 21 22 28 29
21 25 27 29 35 40
11 16 19 20 26 27
17 24 26 30 34 35
13 14 19 21 26 31
22 25 31 33 37 40
19 24 26 28 34 37
9 10 16 20 24 25
9 10 14 16 24 25
7
84 116 119 153 162 169 201
51 67 77 85 106 127 151
17 36 37 47 68 89 101
28 37 64 77 105 111 119
10 36 61 67 87 98 116
30 47 71 85 117 131 153
2 10 28 30 36 45 58
45 89 105 127 146 165 169
37 61 64 71 80 105 117
58 101 117 151 168 182 201
56 87 105 117 134 146 168
2 17 37 51 56 59 84
36 68 80 106 134 147 162
2
4 8
6 8
2 4
6
5 16 17 19 22 24
3 4 5 10 13 17
6 11 16 18 22 27
7 14 17 19 25 29
4 11 14 16 17 19
16 17 22 24 32 36
11 16 19 22 29 32
3 6 7 11 16 17
13 22 25 29 32 33
17 19 24 28 33 39
17 27 29 32 36 39
3
3 5 9
3 5 7
9 13 15
5 7 13
7 9 15
4
4 7 9 11
1 3 4 5
2 5 7 8
5 8 11 12
3 5 6 8
1 2 3 4
3 6 9 11
2
2 4
2 6
4 8
8
13 16 22 25 28 31 32 38
5 6 10 13 15 18 20 22
18 20 24 31 34 35 40 48
18 22 24 27 30 34 38 42
22 27 33 38 42 43 45 54
15 18 20 28 30 32 37 46
20 22 29 32 38 39 44 53
25 27 31 32 37 40 44 45
8 10 14 15 18 20 22 27
12 15 18 19 20 24 29 33
6 10 15 16 22 24 27 33
13 15 19 25 27 31 32 42
30 33 37 42 46 48 53 54
23 24 25 31 32 35 39 43
5 8 12 13 18 23 25 30
2
7 10
4 7
4 6
7
3 6 8 10 13 16 18
16 17 21 23 26 27 34
6 8 11 14 16 17 20
12 13 20 22 23 26 29
10 14 17 18 22 24 28
6 8 10 11 13 16 18
15 16 23 24 25 27 30
3 6 9 10 12 15 17
13 16 19 20 23 25 31
10 11 17 18 20 23 26
9 10 14 17 19 21 23
17 18 26 28 31 34 37
18 20 23 26 29 30 37
4
3 7 11 15
2 6 10 14
5 6 7 8
1 5 9 13
9 10 11 12
13 14 15 16
1 2 3 4
5
2 5 9 11 15
13 14 21 24 28
9 11 14 18 21
5 7 8 11 14
3 7 11 12 16
9 11 18 21 23
2 3 5 9 13
5 8 14 17 20
11 12 17 21 24
10
3 11 18 19 20 21 22 23 24 51
3 11 18 19 20 21 22 23 24 50
46 49 50 53 55 56 59 60 62 64
7 15 22 28 33 37 40 41 42 58
5 13 20 26 31 32 33 34 35 55
6 14 21 27 32 36 37 38 39 57
2 10 11 12 13 14 15 16 17 48
2 10 11 12 13 14 15 16 17 49
4 12 19 25 26 27 28 29 30 52
1 2 3 4 5 6 7 8 9 46
5 13 20 26 31 32 33 34 35 54
47 48 51 52 54 57 58 61 63 64
7 15 22 28 33 37 40 41 42 59
8 16 23 29 34 38 41 43 44 61
6 14 21 27 32 36 37 38 39 56
1 2 3 4 5 6 7 8 9 47
9 17 24 30 35 39 42 44 45 63
9 17 24 30 35 39 42 44 45 62
4 12 19 25 26 27 28 29 30 53
6
7 9 10 13 16 18
8 13 14 17 18 19
3 5 7 9 11 13
3 7 8 9 10 11
6 8 9 12 15 17
1 3 4 6 7 9
5 9 10 12 13 14
9 10 11 14 17 19
4 6 8 10 13 14
2 5 6 8 9 10
7 11 13 15 16 17
4
10 12 13 18
11 13 15 21
6 7 12 13
11 15 18 21
2 6 9 11
9 12 13 15
2 6 10 11
7
12 14 18 22 26 27 29
10 12 14 18 21 23 25
3 4 7 10 12 13 16
10 13 16 18 20 22 25
7 9 11 16 18 21 22
7 8 11 14 15 18 19
11 13 15 20 24 25 26
3 5 7 10 11 12 14
5 6 8 13 14 15 18
16 18 22 25 26 29 30
14 17 19 25 27 29 30
12 14 18 21 24 26 27
4 6 9 12 13 14 17
3
6 10 14
5 13 14
4 9 10
5 9 13
1 4 5
4
51 63 85 116
35 58 82 99
41 58 63 89
24 35 51 76
76 89 95 131
60 82 85 95
24 41 60 64
7
2 3 4 5 6 7 8
6 7 8 9 10 11 12
5 6 7 8 9 10 11
6 7 8 9 10 11 12
1 2 3 4 5 6 7
3 4 5 6 7 8 9
4 5 6 7 8 9 10
3 4 5 6 7 8 9
7 8 9 10 11 12 13
2 3 4 5 6 7 8
5 6 7 8 9 10 11
4 5 6 7 8 9 10
7 8 9 10 11 12 13
5
17 20 21 27 28
13 15 17 22 26
11 13 19 22 27
8 13 15 19 20
3 9 10 13 18
8 10 15 17 21
2 3 8 13 17
12 18 20 26 28
6 9 13 15 20
