3

5 0

4 6
1 1
2 2
3 3
1 2
3 2
1 3

5 7
1 1
2 2
3 3
1 2
3 2
1 3
4 5

3 3
1 2
2 3
1 3
3 2
1 2
2 3
3 3
1 2
2 3
3 1

3 6
1 1
2 2
3 3
1 2
3 2
1 3

3 3
1 2
2 3
1 3
3 2
1 2
2 3
3 3
1 2
2 3
3 1

1
1 3
1 1
1 1
1 1



100000

10 17
1 7
1 7
8 7
8 7
8 9
1 9
8 1
1 2
10 2
10 3
3 1
7 3
7 4
4 3
6 3
5 6
5 3

2 2
1 2
1 2

2 0

5 7
1 3
3 2
2 4
3 5
5 4
4 1
4 3

7 8
6 4
4 1
2 7
7 5
1 3
6 3
3 2
3 5


3 6
1 2
1 2
3 3
3 3
2 3
2 3

2 4
1 2
1 2
1 1
2 2

1 3
1 1
1 1
1 1




4 6
2 1
4 1
4 2
4 2
3 2
3 4

5 6
4 2
3 4
3 2
2 5
1 5
2 1

5 6
2 1
2 4
4 1
2 5
5 3
2 3

4 5
2 1
2 1
3 1
4 1
3 4

3 3
1 2
2 3
1 3

3 2
1 2
2 3

3 3
1 2
2 3
3 1

