100
2 2
0.50 0.50
4 2
0.00 0.00 1.00 1.00
3 2
0.50 0.75 1.00
16 2
0.55 0.63 0.14 0.16 0.69 0.85 0.60 0.74 0.91 0.34 0.75 0.19 0.06 0.78 0.31 0.30
8 2
0.00 1.00 1.00 1.00 1.00 1.00 0.00 1.00
8 2
1.00 0.00 1.00 1.00 1.00 0.00 0.00 1.00
4 4
0.50 0.50 0.50 0.50
16 6
0.98 1.00 0.99 0.99 1.00 1.00 0.98 0.98 0.99 0.99 0.98 0.99 0.98 0.99 1.00 0.98
16 10
0.33 0.52 0.44 0.31 0.44 0.56 0.59 0.70 0.69 0.62 0.53 0.58 0.38 0.44 0.60 0.54
16 8
0.72 0.97 0.94 0.09 0.08 0.83 0.10 0.08 0.01 0.21 0.03 0.76 0.09 0.51 0.78 0.08
16 2
0.60 0.62 0.67 0.66 0.65 0.04 0.60 0.67 0.67 0.03 0.07 0.65 0.62 0.10 0.70 0.69
4 2
0.00 0.02 0.00 0.00
16 10
0.50 0.50 0.49 0.50 0.51 0.49 0.50 0.51 0.51 0.49 0.49 0.50 0.49 0.50 0.50 0.49
8 4
1.00 1.00 1.00 1.00 1.00 1.00 1.00 1.00
16 8
0.08 0.94 0.94 0.94 0.92 0.02 0.96 0.02 0.10 0.94 0.96 0.00 0.96 0.08 0.09 0.00
16 14
0.51 0.51 0.50 0.49 0.51 0.49 0.50 0.50 0.50 0.50 0.51 0.51 0.49 0.51 0.51 0.50
16 14
1.00 0.69 0.30 0.74 0.12 0.03 0.01 0.72 0.95 0.86 0.77 0.95 0.92 0.19 0.96 0.83
16 10
1.00 0.98 0.99 0.99 1.00 0.99 0.99 1.00 0.99 0.99 0.98 0.98 0.98 0.98 0.99 1.00
3 2
0.01 0.04 0.02
8 4
1.00 1.00 1.00 1.00 1.00 1.00 0.00 1.00
16 8
0.79 0.39 0.45 0.46 0.54 0.79 0.90 0.56 0.65 0.75 0.51 0.71 0.69 0.90 0.86 0.59
8 6
1.00 1.00 1.00 1.00 1.00 1.00 1.00 1.00
8 2
0.00 1.00 1.00 1.00 0.00 0.00 1.00 0.00
16 8
0.03 1.00 0.00 0.04 0.91 0.05 0.99 0.03 0.03 0.90 0.01 0.92 0.07 0.92 0.95 0.93
16 10
0.67 0.07 0.44 0.57 0.81 0.34 0.20 0.65 0.36 0.53 0.02 0.52 0.45 0.11 0.53 0.86
16 6
0.50 0.51 0.49 0.36 0.48 0.30 0.48 0.62 0.68 0.52 0.53 0.45 0.54 0.41 0.34 0.57
3 2
0.80 0.50 0.10
2 2
0.00 0.50
4 2
1.00 1.00 0.00 1.00
3 2
0.60 0.50 0.40
16 10
0.02 0.00 0.01 0.00 0.01 0.02 0.02 0.00 0.02 0.02 0.02 0.01 0.02 0.02 0.01 0.01
2 2
0.00 0.00
16 8
0.12 0.06 1.00 0.30 0.26 0.43 0.99 1.00 1.00 0.10 0.36 0.98 1.00 1.00 0.17 0.98
8 2
1.00 1.00 0.00 1.00 1.00 1.00 1.00 1.00
16 14
0.05 0.64 0.01 0.04 0.02 0.60 0.01 0.06 0.09 0.09 0.66 0.06 0.67 0.09 0.00 0.04
2 2
0.05 0.45
16 4
0.01 0.07 0.10 0.64 0.60 0.07 0.08 0.03 0.03 0.04 0.06 0.61 0.02 0.68 0.02 0.03
16 8
0.50 0.98 0.84 0.82 1.00 1.00 0.99 0.90 1.00 0.61 0.92 1.00 0.99 0.87 1.00 0.54
16 12
0.69 0.08 0.06 0.63 0.04 0.00 0.04 0.10 0.68 0.05 0.05 0.65 0.03 0.09 0.04 0.09
16 8
0.51 1.00 0.95 0.01 0.02 0.02 0.00 0.75 0.02 0.01 0.63 0.52 0.88 0.85 0.01 0.01
16 2
0.98 0.99 0.98 0.98 1.00 0.99 0.98 0.99 0.99 1.00 1.00 0.99 1.00 1.00 0.99 1.00
16 8
0.08 0.64 0.67 0.61 0.69 0.66 0.00 0.66 0.61 0.65 0.68 0.69 0.70 0.04 0.60 0.01
2 2
1.00 0.00
16 10
0.57 0.53 0.55 0.48 0.53 0.50 0.40 0.56 0.56 0.45 0.40 0.44 0.48 0.43 0.40 0.41
16 14
0.43 0.34 0.47 0.68 0.44 0.57 0.61 0.66 0.44 0.59 0.53 0.47 0.42 0.55 0.31 0.65
16 8
0.67 0.07 0.06 0.69 0.03 0.01 0.02 0.07 0.63 0.08 0.09 0.01 0.62 0.03 0.05 0.00
16 6
0.51 0.49 0.50 0.51 0.50 0.51 0.49 0.50 0.50 0.51 0.51 0.50 0.49 0.51 0.51 0.51
16 2
0.50 0.50 0.50 0.51 0.49 0.49 0.49 0.49 0.51 0.51 0.49 0.51 0.51 0.50 0.49 0.50
16 8
0.10 0.75 0.45 0.11 0.61 0.80 0.07 0.05 0.07 0.34 0.00 0.06 0.77 0.10 0.64 0.05
16 6
0.00 0.02 0.01 0.02 0.02 0.02 0.00 0.00 0.02 0.01 0.02 0.02 0.00 0.02 0.00 0.01
3 2
0.50 0.50 0.50
16 14
0.69 0.65 0.60 0.64 0.08 0.65 0.60 0.62 0.10 0.69 0.60 0.65 0.63 0.07 0.69 0.06
12 10
0.69 0.97 0.58 0.79 0.37 0.22 0.11 0.79 0.32 0.39 0.40 0.76
8 6
1.00 1.00 0.00 1.00 0.00 1.00 0.00 0.00
16 2
0.63 0.08 0.66 0.00 0.08 0.06 0.03 0.62 0.65 0.04 0.08 0.02 0.03 0.00 0.08 0.10
16 8
0.79 0.39 0.86 0.45 0.90 0.90 0.59 0.65 0.79 0.53 0.69 0.46 0.56 0.75 0.51 0.71
16 10
0.02 0.02 0.05 0.09 0.00 0.10 0.10 0.67 0.70 0.07 0.10 0.09 0.06 0.04 0.68 0.62
8 4
0.00 1.00 1.00 1.00 1.00 1.00 0.00 1.00
4 2
0.98 0.99 0.01 0.01
16 12
0.61 0.02 0.70 0.04 0.08 0.65 0.66 0.05 0.65 0.68 0.65 0.60 0.63 0.68 0.68 0.61
4 2
1.00 0.02 0.00 0.00
16 6
0.27 0.60 0.57 0.53 0.41 0.56 0.18 0.56 0.36 0.47 0.23 0.53 0.45 0.33 0.50 0.49
16 14
1.00 1.00 0.99 0.99 1.00 0.98 0.98 1.00 0.99 0.99 0.98 0.98 0.99 0.99 0.99 0.99
3 2
0.50 0.80 0.30
4 2
0.00 0.00 1.00 0.00
16 6
0.09 0.09 0.02 0.08 0.00 0.06 0.09 0.60 0.66 0.63 0.10 0.03 0.60 0.07 0.04 0.03
16 6
0.56 0.45 0.41 0.18 0.56 0.33 0.50 0.23 0.49 0.47 0.27 0.36 0.60 0.53 0.53 0.56
16 6
0.55 0.55 0.49 0.50 0.52 0.53 0.49 0.49 0.55 0.49 0.55 0.54 0.48 0.53 0.50 0.55
8 2
1.00 1.00 1.00 1.00 1.00 1.00 1.00 1.00
8 4
0.00 0.00 0.00 1.00 1.00 1.00 1.00 1.00
16 6
0.49 0.50 0.54 0.48 0.50 0.56 0.49 0.53 0.55 0.55 0.53 0.52 0.49 0.55 0.55 0.49
16 8
0.64 0.02 0.01 0.00 0.76 0.01 0.88 0.89 0.01 0.90 0.00 0.77 0.76 0.02 0.01 0.80
4 2
0.00 0.00 0.00 0.00
16 14
0.02 0.00 0.02 0.00 0.00 0.01 0.02 0.00 0.00 0.00 0.01 0.00 0.01 0.01 0.00 0.00
8 6
1.00 1.00 1.00 1.00 1.00 0.00 1.00 0.00
16 10
0.65 0.42 0.55 0.68 0.48 0.59 0.53 0.70 0.60 0.26 0.64 0.35 0.69 0.64 0.76 0.57
16 8
0.49 0.99 0.14 0.98 0.98 0.26 0.98 0.98 0.42 0.08 0.05 0.25 0.99 1.00 0.07 1.00
16 6
0.60 0.69 0.62 0.04 0.02 0.65 0.63 0.64 0.63 0.61 0.64 0.62 0.08 0.69 0.01 0.69
8 4
1.00 0.00 1.00 0.00 1.00 1.00 0.00 0.00
4 4
0.00 1.00 0.00 1.00
16 4
0.63 0.70 0.03 0.05 0.64 0.61 0.62 0.08 0.61 0.63 0.03 0.60 0.63 0.70 0.67 0.63
2 2
1.00 1.00
4 2
0.00 0.98 1.00 1.00
16 8
0.89 1.00 0.98 0.99 0.88 0.75 0.53 0.70 0.55 0.64 0.80 1.00 0.99 1.00 0.98 0.99
3 2
0.00 1.00 0.00
16 2
0.65 0.56 0.69 0.56 0.45 0.37 0.38 0.35 0.32 0.42 0.45 0.45 0.57 0.35 0.60 0.48
16 6
0.29 0.14 0.73 0.87 0.84 0.67 0.41 0.10 0.72 0.72 0.23 0.90 0.61 0.75 0.90 0.12
12 10
0.72 0.84 0.52 0.34 0.96 0.21 0.01 0.51 0.05 0.26 0.14 0.77
16 2
0.01 0.02 0.02 0.01 0.02 0.00 0.00 0.02 0.00 0.00 0.02 0.00 0.01 0.00 0.00 0.02
16 8
0.02 0.96 0.04 0.02 0.96 0.07 0.01 0.91 0.03 0.03 0.93 0.93 0.97 0.00 0.94 0.95
4 4
0.99 0.01 0.01 0.98
16 8
0.21 0.02 0.02 0.09 0.13 0.39 0.02 0.37 0.01 0.00 0.06 0.02 0.01 0.45 0.01 0.41
16 10
0.55 0.40 0.44 0.53 0.56 0.41 0.48 0.48 0.43 0.40 0.45 0.56 0.50 0.53 0.56 0.40
16 10
0.53 0.26 0.64 0.76 0.70 0.41 0.60 0.68 0.69 0.55 0.48 0.64 0.65 0.59 0.57 0.35
12 8
0.18 0.14 0.67 0.63 0.19 0.39 0.26 0.30 0.51 0.58 0.93 0.95
16 10
0.05 0.69 0.61 0.61 0.70 0.62 0.00 0.70 0.03 0.66 0.02 0.61 0.69 0.64 0.70 0.64
8 6
0.00 1.00 1.00 1.00 0.00 1.00 0.00 1.00
16 8
0.01 0.97 0.06 0.82 0.03 0.08 0.08 0.00 0.75 0.02 0.07 0.84 0.11 0.26 0.85 0.18
8 6
1.00 1.00 1.00 1.00 0.00 1.00 1.00 1.00
16 8
0.37 0.00 0.00 0.02 0.14 0.17 0.00 0.00 0.33 0.00 0.00 0.02 0.37 0.00 0.44 0.05
