100
2
11
10
2
10
00
3
000
000
000
1
1
3
000
110
000
4
0001
0010
0100
1000
4
1000
1000
1000
1110
4
0001
0001
1110
0001
4
0001
1000
0010
1000
3
010
001
000
4
1000
0000
1000
1000
4
0101
0000
0100
1011
4
1100
0011
0100
0000
3
000
111
000
4
0110
0000
1000
0010
3
001
010
100
3
010
100
101
4
0111
0111
0111
1000
4
0000
1100
0001
0001
4
1000
0100
1000
0100
4
1100
0000
0000
0011
4
0001
0011
0010
0110
4
1000
1001
0100
0000
4
1011
1011
1011
1011
4
0000
0010
0001
0000
4
0000
0110
0000
1000
4
0100
0001
1010
0001
4
0000
0100
0000
0111
3
101
000
101
4
0100
0100
1100
0011
4
0000
0100
0001
1010
2
11
01
4
0010
1010
0010
0011
2
00
00
4
0000
0100
0010
0001
4
0001
0000
0001
0100
4
1000
1000
0111
0001
4
0100
1000
0001
0101
4
1000
0000
0001
0001
4
0100
0000
1011
0100
4
0011
0010
1100
0010
4
1000
0001
1001
1000
4
0101
1011
1011
1010
3
101
100
100
4
0010
0000
0100
0000
4
1000
0000
0011
0100
3
100
100
100
4
1100
0010
0010
0001
4
0100
0001
0000
0101
4
0111
0000
0000
0000
4
0010
0000
0010
0000
3
000
100
100
4
0000
1001
0000
1011
4
1011
1111
0101
0000
4
1100
0000
1001
0000
4
0000
0000
0000
0000
4
0000
1101
0000
1010
4
0010
0011
0010
1100
3
011
100
000
4
0001
0010
0001
1100
3
100
100
001
4
1110
0101
1011
0111
4
0101
1111
0110
0000
4
0000
0100
1000
1011
4
1000
0010
0000
1000
3
101
000
110
4
0000
0000
0101
0000
4
0000
0000
0000
1000
4
1000
1000
1000
1000
4
1111
0000
0000
0000
2
01
01
4
1000
0011
0011
0101
4
0010
0010
1100
0000
4
0000
0010
0001
0100
4
1001
1110
0100
1000
1
0
4
0111
1101
1101
1101
4
1000
0011
1000
0001
4
0011
1011
0011
0011
2
11
00
4
0100
1110
0111
1100
4
0001
0001
0110
0001
4
0100
0001
1011
1111
3
100
011
100
4
1001
0010
0010
1100
3
100
000
000
4
0000
0011
0000
1000
4
0100
0010
1100
0000
4
1000
1100
0001
0010
4
1101
0010
1101
1001
4
1000
1000
1000
0010
4
1010
1011
1000
0010
4
1000
1110
0001
1000
4
1110
1010
1110
0000
4
1101
0000
0000
0010
4
1010
0001
0101
1010
3
111
101
111
4
0001
1010
0101
0000
4
0000
0011
0000
0010
2
01
10
