0 L 0 647 1
0 L 0 1348 1
0 D 849 647 1
0 D 849 1348 1
1 L 0 552 1
1 L 0 1270 1
1 L 0 1345 1
1 D 255 552 1
1 D 255 1270 1
1 D 255 1345 1
2 L 0 45 1
2 L 0 852 1
2 D 446 45 1
2 D 446 852 1
3 L 0 171 1
3 L 0 356 1
3 L 0 454 1
3 D 797 171 1
3 D 797 356 1
3 D 797 454 1
4 L 0 479 1
4 L 0 837 1
4 L 0 931 1
4 L 0 1529 1
4 D 861 479 1
4 D 861 837 1
4 D 861 931 1
4 D 861 1529 1
5 L 0 8 1
5 L 0 454 1
5 L 0 459 1
5 L 0 899 1
5 D 366 8 1
5 D 366 454 1
5 D 366 459 1
5 D 366 899 1
5 L 0 1482 1
5 L 0 1648 1
5 L 0 1837 1
5 D 366 1482 1
5 D 366 1648 1
5 D 366 1837 1
6 L 0 303 1
6 L 0 1437 1
6 L 0 1438 1
6 D 103 303 1
6 D 103 1437 1
6 D 103 1438 1
7 L 0 129 1
7 L 0 1023 1
7 L 0 1667 1
7 L 0 1714 1
7 D 373 129 1
7 D 373 1023 1
7 D 373 1667 1
7 D 373 1714 1
8 L 0 250 1
8 L 0 455 1
8 L 0 739 1
8 D 526 250 1
8 D 526 455 1
8 D 526 739 1
8 L 0 788 1
8 L 0 816 1
8 D 526 788 1
8 D 526 816 1
8 L 0 1062 1
8 L 0 1185 1
8 D 526 1062 1
8 D 526 1185 1
9 L 0 27 1
9 L 0 235 1
9 L 0 907 1
9 L 0 1034 1
9 D 791 27 1
9 D 791 235 1
9 D 791 907 1
9 D 791 1034 1
10 L 0 175 1
10 D 979 175 1
10 L 5 951 1
10 L 5 1147 1
10 D 979 951 1
10 D 979 1147 1
11 L 0 94 1
11 L 0 628 1
11 L 0 901 1
11 D 973 94 1
11 D 973 628 1
11 D 973 901 1
12 L 0 1106 1
12 L 0 1598 1
12 L 0 1643 1
12 D 507 1106 1
12 D 507 1598 1
12 D 507 1643 1
12 L 0 1738 1
12 D 507 1738 1
13 L 0 484 1
13 L 0 531 1
13 D 171 484 1
13 D 171 531 1
14 L 0 1508 1
14 L 0 1653 1
14 D 858 1508 1
14 D 858 1653 1
15 L 0 437 1
15 L 0 479 1
15 D 344 437 1
15 D 344 479 1
15 L 0 690 1
15 L 0 787 1
15 D 344 690 1
15 D 344 787 1
15 L 0 996 1
15 L 0 1395 1
15 L 0 1645 1
15 D 344 996 1
15 D 344 1395 1
15 D 344 1645 1
15 L 0 1803 1
15 D 344 1803 1
16 L 0 342 1
16 L 0 908 1
16 D 536 342 1
16 D 536 908 1
17 L 0 21 1
17 L 0 1328 1
17 D 251 21 1
17 D 251 1328 1
18 L 0 16 1
18 L 0 789 1
18 L 0 823 1
18 L 0 967 1
18 D 441 16 1
18 D 441 789 1
18 D 441 823 1
18 D 441 967 1
18 L 5 1246 1
18 L 5 1487 1
18 D 441 1246 1
18 D 441 1487 1
18 L 5 1600 1
18 D 441 1600 1
19 L 0 428 1
19 L 0 650 1
19 D 828 428 1
19 D 828 650 1
19 L 0 1633 1
19 L 0 1712 1
19 L 0 1714 1
19 L 0 1719 1
19 D 828 1633 1
19 D 828 1712 1
19 D 828 1714 1
19 D 828 1719 1
20 L 0 68 1
20 L 0 109 1
20 L 0 151 1
20 L 0 477 1
20 D 915 68 1
20 D 915 109 1
20 D 915 151 1
20 D 915 477 1
20 L 0 490 1
20 L 0 601 1
20 L 0 780 1
20 L 0 959 1
20 D 915 490 1
20 D 915 601 1
20 D 915 780 1
20 D 915 959 1
20 L 0 1048 1
20 L 0 1265 1
20 L 0 1580 1
20 D 915 1048 1
20 D 915 1265 1
20 D 915 1580 1
21 L 0 761 1
21 L 0 835 1
21 L 0 849 1
21 D 974 761 1
21 D 974 835 1
21 D 974 849 1
21 L 0 1140 1
21 L 0 1199 1
21 L 0 1370 1
21 D 974 1140 1
21 D 974 1199 1
21 D 974 1370 1
21 L 0 1638 1
21 D 974 1638 1
22 L 0 1087 1
22 L 0 1328 1
22 D 295 1087 1
22 D 295 1328 1
23 L 0 28 1
23 L 0 1355 1
23 L 0 1643 1
23 D 336 28 1
23 D 336 1355 1
23 D 336 1643 1
24 L 0 486 1
24 L 0 1329 1
24 D 572 486 1
24 D 572 1329 1
25 L 0 564 1
25 L 0 975 1
25 D 649 564 1
25 D 649 975 1
26 L 0 1962 1
26 D 675 1962 1
27 L 0 1762 1
27 D 681 1762 1
28 L 0 54 1
28 L 0 453 1
28 L 0 794 1
28 D 77 54 1
28 D 77 453 1
28 D 77 794 1
28 L 0 1451 1
28 D 77 1451 1
29 L 0 137 1
29 D 400 137 1
0 L 0 105 1
0 L 0 748 1
0 L 0 1737 1
0 D 435 105 1
0 D 435 748 1
0 D 435 1737 1
1 L 0 56 1
1 L 0 1203 1
1 D 429 56 1
1 D 429 1203 1
2 L 0 158 1
2 L 0 483 1
2 L 0 1409 1
2 L 0 1843 1
2 D 707 158 1
2 D 707 483 1
2 D 707 1409 1
2 D 707 1843 1
3 L 0 1127 1
3 L 0 1541 1
3 L 0 1896 1
3 D 993 1127 1
3 D 993 1541 1
3 D 993 1896 1
4 L 0 101 1
4 L 0 1617 1
4 D 520 101 1
4 D 520 1617 1
5 L 0 190 1
5 L 0 816 1
5 D 182 190 1
5 D 182 816 1
6 L 5 672 1
6 L 5 783 1
6 D 253 672 1
6 D 253 783 1
7 L 1 1022 1
7 L 1 1158 1
7 L 1 1857 1
7 D 310 1022 1
7 D 310 1158 1
7 D 310 1857 1
8 L 0 362 1
8 L 0 419 1
8 D 121 362 1
8 D 121 419 1
8 L 0 590 1
8 L 0 750 1
8 D 121 590 1
8 D 121 750 1
8 L 0 789 1
8 D 121 789 1
9 L 0 1034 1
9 L 0 1327 1
9 D 440 1034 1
9 D 440 1327 1
10 L 5 80 1
10 L 5 157 1
10 L 5 227 1
10 D 348 80 1
10 D 348 157 1
10 D 348 227 1
10 L 5 238 1
10 L 5 283 1
10 L 5 468 1
10 D 348 238 1
10 D 348 283 1
10 D 348 468 1
10 L 5 475 1
10 L 5 591 1
10 D 348 475 1
10 D 348 591 1
10 L 5 679 1
10 L 5 684 1
10 D 348 679 1
10 D 348 684 1
10 L 5 1137 1
10 L 5 1334 1
10 D 348 1137 1
10 D 348 1334 1
10 L 5 1408 1
10 L 5 1602 1
10 L 5 1741 1
10 D 348 1408 1
10 D 348 1602 1
10 D 348 1741 1
11 L 0 940 1
11 D 923 940 1
12 L 0 335 1
12 L 0 898 1
12 D 822 335 1
12 D 822 898 1
13 L 1 583 1
13 D 386 583 1
14 L 0 185 1
14 L 0 725 1
14 L 0 1822 1
14 L 0 1936 1
14 D 37 185 1
14 D 37 725 1
14 D 37 1822 1
14 D 37 1936 1
15 L 0 1024 1
15 L 0 1499 1
15 L 0 1713 1
15 D 744 1024 1
15 D 744 1499 1
15 D 744 1713 1
16 L 0 1335 1
16 D 980 1335 1
17 L 1 399 1
17 L 1 552 1
17 L 1 1759 1
17 D 998 399 1
17 D 998 552 1
17 D 998 1759 1
18 L 5 104 1
18 L 5 643 1
18 D 502 104 1
18 D 502 643 1
18 L 1 822 1
18 L 1 1309 1
18 L 1 1538 1
18 D 502 822 1
18 D 502 1309 1
18 D 502 1538 1
19 L 0 573 1
19 L 0 1387 1
19 L 0 1462 1
19 L 0 1990 1
19 D 21 573 1
19 D 21 1387 1
19 D 21 1462 1
19 D 21 1990 1
20 L 0 900 1
20 L 0 1677 1
20 D 768 900 1
20 D 768 1677 1
21 L 0 184 1
21 L 0 534 1
21 L 0 1433 1
21 L 0 1530 1
21 D 811 184 1
21 D 811 534 1
21 D 811 1433 1
21 D 811 1530 1
22 L 4 593 1
22 L 4 1230 1
22 D 296 593 1
22 D 296 1230 1
23 L 4 725 1
23 L 4 1009 1
23 L 4 1125 1
23 D 655 725 1
23 D 655 1009 1
23 D 655 1125 1
24 L 0 216 1
24 L 0 563 1
24 D 44 216 1
24 D 44 563 1
25 L 0 604 1
25 D 82 604 1
26 L 0 282 1
26 L 0 286 1
26 D 781 282 1
26 D 781 286 1
26 L 1 927 1
26 L 1 1448 1
26 L 1 1486 1
26 D 781 927 1
26 D 781 1448 1
26 D 781 1486 1
27 L 1 807 1
27 L 1 1094 1
27 D 525 807 1
27 D 525 1094 1
27 L 1 1662 1
27 D 525 1662 1
28 L 0 631 1
28 L 0 800 1
28 L 0 1028 1
28 D 335 631 1
28 D 335 800 1
28 D 335 1028 1
29 L 4 8 1
29 L 4 270 1
29 L 4 622 1
29 D 300 8 1
29 D 300 270 1
29 D 300 622 1
0 L 0 238 1
0 L 0 346 1
0 D 276 238 1
0 D 276 346 1
0 L 0 736 1
0 L 0 929 1
0 D 276 736 1
0 D 276 929 1
0 L 0 1484 1
0 D 276 1484 1
7 L 1 755 1
7 L 1 1411 1
7 L 1 1611 1
7 D 613 755 1
7 D 613 1411 1
7 D 613 1611 1
7 L 1 1860 1
7 L 1 1957 1
7 D 613 1860 1
7 D 613 1957 1
10 L 5 297 1
10 L 5 384 1
10 L 5 1090 1
10 L 5 1280 1
10 L 5 1512 1
10 L 5 1977 1
10 D 20 297 1
10 D 20 384 1
10 D 20 1090 1
10 D 20 1280 1
10 D 20 1512 1
10 D 20 1977 1
6 L 1 73 1
6 L 1 628 1
6 D 477 73 1
6 D 477 628 1
13 L 1 1267 1
13 L 1 1435 1
13 D 812 1267 1
13 D 812 1435 1
13 L 1 1816 1
13 L 1 1855 1
13 D 812 1816 1
13 D 812 1855 1
1 L 4 77 1
1 L 4 242 1
1 L 4 983 1
1 D 704 77 1
1 D 704 242 1
1 D 704 983 1
5 L 0 1601 1
5 L 0 1670 1
5 L 0 1782 1
5 D 575 1601 1
5 D 575 1670 1
5 D 575 1782 1
17 L 1 553 1
17 L 1 649 1
17 L 1 696 1
17 L 1 1057 1
17 D 423 553 1
17 D 423 649 1
17 D 423 696 1
17 D 423 1057 1
17 L 1 1357 1
17 D 423 1357 1
8 L 5 8 1
8 L 5 1449 1
8 L 5 1476 1
8 D 144 8 1
8 D 144 1449 1
8 D 144 1476 1
2 L 0 1147 1
2 L 0 1464 1
2 L 0 1643 1
2 D 303 1147 1
2 D 303 1464 1
2 D 303 1643 1
3 L 0 591 1
3 L 0 1836 1
3 D 367 591 1
3 D 367 1836 1
4 L 0 1159 1
4 L 0 1305 1
4 L 0 1993 1
4 D 625 1159 1
4 D 625 1305 1
4 D 625 1993 1
18 L 1 50 1
18 L 1 157 1
18 L 1 557 1
18 L 1 825 1
18 D 130 50 1
18 D 130 157 1
18 D 130 557 1
18 D 130 825 1
18 L 14 1163 1
18 L 14 1383 1
18 L 14 1392 1
18 D 130 1163 1
18 D 130 1383 1
18 D 130 1392 1
12 L 0 265 1
12 L 0 1025 1
12 L 0 1969 1
12 D 943 265 1
12 D 943 1025 1
12 D 943 1969 1
15 L 4 210 1
15 L 4 218 1
15 L 4 1064 1
15 D 185 210 1
15 D 185 218 1
15 D 185 1064 1
15 L 4 1782 1
15 L 4 1927 1
15 D 185 1782 1
15 D 185 1927 1
15 L 4 1945 1
15 D 185 1945 1
9 L 0 257 1
9 L 0 649 1
9 L 0 1606 1
9 D 66 257 1
9 D 66 649 1
9 D 66 1606 1
9 L 0 1915 1
9 D 66 1915 1
11 L 1 92 1
11 L 1 911 1
11 L 1 1220 1
11 D 487 92 1
11 D 487 911 1
11 D 487 1220 1
11 L 14 1950 1
11 D 487 1950 1
20 L 4 96 1
20 L 4 382 1
20 L 4 471 1
20 D 729 96 1
20 D 729 382 1
20 D 729 471 1
21 L 11 403 1
21 L 11 1508 1
21 D 823 403 1
21 D 823 1508 1
19 L 1 488 1
19 L 1 588 1
19 L 1 1005 1
19 D 221 488 1
19 D 221 588 1
19 D 221 1005 1
10 L 0 852 1
10 L 0 1606 1
10 D 216 852 1
10 D 216 1606 1
7 L 1 126 1
7 L 1 452 1
7 L 1 538 1
7 L 1 591 1
7 D 995 126 1
7 D 995 452 1
7 D 995 538 1
7 D 995 591 1
7 L 14 1304 1
7 L 14 1309 1
7 D 995 1304 1
7 D 995 1309 1
28 L 4 281 1
28 L 4 880 1
28 L 4 1751 1
28 D 723 281 1
28 D 723 880 1
28 D 723 1751 1
14 L 4 265 1
14 L 4 586 1
14 L 4 1542 1
14 D 482 265 1
14 D 482 586 1
14 D 482 1542 1
22 L 7 918 1
22 L 7 1024 1
22 L 7 1230 1
22 L 7 1601 1
22 D 234 918 1
22 D 234 1024 1
22 D 234 1230 1
22 D 234 1601 1
16 L 1 1843 1
16 L 1 1958 1
16 D 8 1843 1
16 D 8 1958 1
6 L 8 271 1
6 L 8 1840 1
6 L 8 1903 1
6 D 55 271 1
6 D 55 1840 1
6 D 55 1903 1
23 L 11 1052 1
23 D 14 1052 1
13 L 1 1047 1
13 L 1 1183 1
13 L 1 1841 1
13 D 202 1047 1
13 D 202 1183 1
13 D 202 1841 1
15 L 4 1204 1
15 L 4 1789 1
15 L 4 1962 1
15 D 940 1204 1
15 D 940 1789 1
15 D 940 1962 1
24 L 14 231 1
24 L 14 372 1
24 L 14 904 1
24 L 14 926 1
24 D 187 231 1
24 D 187 372 1
24 D 187 904 1
24 D 187 926 1
24 L 6 1584 1
24 D 187 1584 1
17 L 1 26 1
17 L 1 334 1
17 L 1 375 1
17 L 1 491 1
17 D 877 26 1
17 D 877 334 1
17 D 877 375 1
17 D 877 491 1
17 L 14 690 1
17 L 14 907 1
17 D 877 690 1
17 D 877 907 1
17 L 14 916 1
17 L 14 937 1
17 L 14 1070 1
17 D 877 916 1
17 D 877 937 1
17 D 877 1070 1
17 L 14 1173 1
17 L 14 1593 1
17 D 877 1173 1
17 D 877 1593 1
25 L 4 971 1
25 D 996 971 1
26 L 1 290 1
26 L 1 790 1
26 L 1 1886 1
26 D 105 290 1
26 D 105 790 1
26 D 105 1886 1
26 L 14 1988 1
26 D 105 1988 1
27 L 1 445 1
27 L 1 979 1
27 L 1 1597 1
27 D 24 445 1
27 D 24 979 1
27 D 24 1597 1
8 L 0 412 1
8 L 0 1638 1
8 L 0 1888 1
8 D 984 412 1
8 D 984 1638 1
8 D 984 1888 1
29 L 15 1854 1
29 D 927 1854 1
18 L 14 688 1
18 L 14 1525 1
18 L 14 1584 1
18 D 43 688 1
18 D 43 1525 1
18 D 43 1584 1
22 L 7 629 1
22 L 7 926 1
22 L 7 1969 1
22 D 213 629 1
22 D 213 926 1
22 D 213 1969 1
15 L 4 1013 1
15 L 4 1313 1
15 D 682 1013 1
15 D 682 1313 1
20 L 4 958 1
20 L 4 1482 1
20 L 4 1945 1
20 D 798 958 1
20 D 798 1482 1
20 D 798 1945 1
0 L 0 852 1
0 L 0 1173 1
0 D 745 852 1
0 D 745 1173 1
23 L 11 558 1
23 L 11 850 1
23 L 11 1496 1
23 D 514 558 1
23 D 514 850 1
23 D 514 1496 1
19 L 0 448 1
19 L 0 1304 1
19 D 58 448 1
19 D 58 1304 1
1 L 4 11 1
1 L 4 162 1
1 L 4 996 1
1 L 4 1596 1
1 D 411 11 1
1 D 411 162 1
1 D 411 996 1
1 D 411 1596 1
11 L 14 459 1
11 L 14 488 1
11 L 14 901 1
11 D 157 459 1
11 D 157 488 1
11 D 157 901 1
5 L 1 1300 1
5 L 1 1691 1
5 L 1 1888 1
5 L 1 1893 1
5 D 363 1300 1
5 D 363 1691 1
5 D 363 1888 1
5 D 363 1893 1
7 L 14 157 1
7 L 14 1747 1
7 D 123 157 1
7 D 123 1747 1
22 L 7 1765 1
22 L 7 1875 1
22 D 371 1765 1
22 D 371 1875 1
23 L 11 1025 1
23 L 11 1056 1
23 L 11 1225 1
23 L 11 1966 1
23 D 329 1025 1
23 D 329 1056 1
23 D 329 1225 1
23 D 329 1966 1
28 L 4 296 1
28 D 539 296 1
2 L 10 1590 1
2 D 247 1590 1
15 L 4 631 1
15 L 4 834 1
15 L 4 1527 1
15 D 680 631 1
15 D 680 834 1
15 D 680 1527 1
6 L 8 149 1
6 L 8 719 1
6 D 39 149 1
6 D 39 719 1
25 L 4 508 1
25 L 4 1300 1
25 D 838 508 1
25 D 838 1300 1
3 L 4 992 1
3 D 115 992 1
20 L 4 413 1
20 L 4 1547 1
20 L 4 1764 1
20 D 786 413 1
20 D 786 1547 1
20 D 786 1764 1
29 L 15 468 1
29 L 15 1704 1
29 D 410 468 1
29 D 410 1704 1
4 L 4 1359 1
4 L 4 1864 1
4 D 921 1359 1
4 D 921 1864 1
21 L 11 653 1
21 L 11 812 1
21 L 11 1558 1
21 L 11 1981 1
21 D 368 653 1
21 D 368 812 1
21 D 368 1558 1
21 D 368 1981 1
18 L 6 18 1
18 L 6 1002 1
18 D 198 18 1
18 D 198 1002 1
6 L 8 837 1
6 L 8 998 1
6 L 8 1383 1
6 D 638 837 1
6 D 638 998 1
6 D 638 1383 1
10 L 4 142 1
10 L 4 264 1
10 L 4 808 1
10 D 7 142 1
10 D 7 264 1
10 D 7 808 1
14 L 4 261 1
14 L 4 653 1
14 L 4 1195 1
14 D 97 261 1
14 D 97 653 1
14 D 97 1195 1
14 L 4 1416 1
14 L 4 1713 1
14 D 97 1416 1
14 D 97 1713 1
12 L 11 1938 1
12 D 217 1938 1
6 L 8 121 1
6 L 8 1022 1
6 D 847 121 1
6 D 847 1022 1
23 L 11 1285 1
23 D 968 1285 1
13 L 8 83 1
13 L 8 632 1
13 L 8 1562 1
13 D 480 83 1
13 D 480 632 1
13 D 480 1562 1
9 L 5 124 1
9 L 5 1126 1
9 L 5 1495 1
9 L 5 1966 1
9 D 452 124 1
9 D 452 1126 1
9 D 452 1495 1
9 D 452 1966 1
6 L 8 54 1
6 L 8 1571 1
6 D 975 54 1
6 D 975 1571 1
26 L 14 435 1
26 L 14 1276 1
26 D 827 435 1
26 D 827 1276 1
17 L 14 1029 1
17 L 14 1101 1
17 D 782 1029 1
17 D 782 1101 1
27 L 8 289 1
27 L 8 417 1
27 D 306 289 1
27 D 306 417 1
27 L 8 520 1
27 L 8 1016 1
27 L 8 1084 1
27 D 306 520 1
27 D 306 1016 1
27 D 306 1084 1
27 L 8 1231 1
27 D 306 1231 1
29 L 15 989 1
29 L 15 1061 1
29 D 495 989 1
29 D 495 1061 1
22 L 12 881 1
22 L 12 1855 1
22 D 471 881 1
22 D 471 1855 1
28 L 4 413 1
28 L 4 481 1
28 L 4 1490 1
28 L 4 1515 1
28 D 464 413 1
28 D 464 481 1
28 D 464 1490 1
28 D 464 1515 1
24 L 6 590 1
24 L 6 1888 1
24 D 776 590 1
24 D 776 1888 1
11 L 14 247 1
11 L 14 1673 1
11 L 14 1755 1
11 L 14 1843 1
11 D 391 247 1
11 D 391 1673 1
11 D 391 1755 1
11 D 391 1843 1
15 L 4 471 1
15 L 4 757 1
15 D 450 471 1
15 D 450 757 1
25 L 4 122 1
25 L 4 640 1
25 L 4 877 1
25 L 4 1092 1
25 D 50 122 1
25 D 50 640 1
25 D 50 877 1
25 D 50 1092 1
6 L 8 153 1
6 L 8 220 1
6 D 866 153 1
6 D 866 220 1
6 L 8 270 1
6 D 866 270 1
7 L 6 534 1
7 L 6 1299 1
7 L 6 1527 1
7 D 989 534 1
7 D 989 1299 1
7 D 989 1527 1
7 L 6 1607 1
7 L 6 1997 1
7 D 989 1607 1
7 D 989 1997 1
20 L 4 1923 1
20 D 312 1923 1
16 L 14 34 1
16 L 14 749 1
16 L 14 770 1
16 D 667 34 1
16 D 667 749 1
16 D 667 770 1
16 L 14 1489 1
16 L 14 1821 1
16 D 667 1489 1
16 D 667 1821 1
23 L 11 159 1
23 L 11 1554 1
23 D 846 159 1
23 D 846 1554 1
21 L 11 465 1
21 D 863 465 1
0 L 4 162 1
0 L 4 816 1
0 L 4 992 1
0 L 4 1881 1
0 D 209 162 1
0 D 209 816 1
0 D 209 992 1
0 D 209 1881 1
4 L 4 773 1
4 L 4 1464 1
4 D 999 773 1
4 D 999 1464 1
14 L 4 97 1
14 L 4 841 1
14 L 4 1075 1
14 L 4 1101 1
14 D 726 97 1
14 D 726 841 1
14 D 726 1075 1
14 D 726 1101 1
8 L 4 477 1
8 L 4 552 1
8 D 62 477 1
8 D 62 552 1
8 L 4 713 1
8 L 4 1230 1
8 D 62 713 1
8 D 62 1230 1
6 L 8 919 1
6 L 8 1699 1
6 D 28 919 1
6 D 28 1699 1
10 L 4 1590 1
10 L 4 1640 1
10 L 4 1765 1
10 D 332 1590 1
10 D 332 1640 1
10 D 332 1765 1
3 L 4 11 1
3 L 4 314 1
3 L 4 853 1
3 D 99 11 1
3 D 99 314 1
3 D 99 853 1
3 L 4 856 1
3 L 4 1023 1
3 D 99 856 1
3 D 99 1023 1
22 L 12 31 1
22 L 12 841 1
22 D 186 31 1
22 D 186 841 1
2 L 10 763 1
2 L 10 836 1
2 L 10 1505 1
2 D 949 763 1
2 D 949 836 1
2 D 949 1505 1
13 L 8 435 1
13 D 966 435 1
1 L 4 154 1
1 L 4 1189 1
1 D 10 154 1
1 D 10 1189 1
18 L 6 841 1
18 L 6 1441 1
18 L 6 1527 1
18 L 6 1756 1
18 D 472 841 1
18 D 472 1441 1
18 D 472 1527 1
18 D 472 1756 1
29 L 15 720 1
29 L 15 962 1
29 L 15 1078 1
29 L 15 1714 1
29 L 15 1983 1
29 D 585 720 1
29 D 585 962 1
29 D 585 1078 1
29 D 585 1714 1
29 D 585 1983 1
28 L 4 199 1
28 L 4 438 1
28 D 137 199 1
28 D 137 438 1
28 L 4 1106 1
28 L 4 1771 1
28 L 4 1839 1
28 D 137 1106 1
28 D 137 1771 1
28 D 137 1839 1
6 L 8 287 1
6 L 8 346 1
6 L 8 461 1
6 D 727 287 1
6 D 727 346 1
6 D 727 461 1
24 L 6 637 1
24 L 6 991 1
24 D 305 637 1
24 D 305 991 1
15 L 4 163 1
15 L 4 455 1
15 L 4 1012 1
15 D 936 163 1
15 D 936 455 1
15 D 936 1012 1
15 L 4 1420 1
15 L 4 1733 1
15 D 936 1420 1
15 D 936 1733 1
26 L 8 743 1
26 L 8 1436 1
26 D 465 743 1
26 D 465 1436 1
25 L 11 626 1
25 L 11 1059 1
25 L 11 1359 1
25 D 282 626 1
25 D 282 1059 1
25 D 282 1359 1
19 L 10 970 1
19 L 10 1163 1
19 L 10 1617 1
19 L 10 1765 1
19 D 660 970 1
19 D 660 1163 1
19 D 660 1617 1
19 D 660 1765 1
27 L 8 553 1
27 L 8 1003 1
27 D 176 553 1
27 D 176 1003 1
27 L 8 1313 1
27 D 176 1313 1
20 L 4 1094 1
20 L 4 1356 1
20 L 4 1617 1
20 D 595 1094 1
20 D 595 1356 1
20 D 595 1617 1
17 L 8 871 1
17 L 8 1016 1
17 L 8 1589 1
17 D 337 871 1
17 D 337 1016 1
17 D 337 1589 1
23 L 11 1441 1
23 L 11 1764 1
23 D 831 1441 1
23 D 831 1764 1
13 L 8 287 1
13 L 8 704 1
13 L 8 1269 1
13 L 8 1425 1
13 L 8 1479 1
13 D 577 287 1
13 D 577 704 1
13 D 577 1269 1
13 D 577 1425 1
13 D 577 1479 1
21 L 11 348 1
21 L 11 1444 1
21 D 205 348 1
21 D 205 1444 1
12 L 11 216 1
12 L 11 278 1
12 L 11 512 1
12 L 11 1608 1
12 D 512 216 1
12 D 512 278 1
12 D 512 512 1
12 D 512 1608 1
14 L 11 669 1
14 D 761 669 1
9 L 1 54 1
9 L 1 205 1
9 L 1 920 1
9 D 145 54 1
9 D 145 205 1
9 D 145 920 1
9 L 1 935 1
9 L 1 1063 1
9 D 145 935 1
9 D 145 1063 1
9 L 1 1246 1
9 D 145 1246 1
9 L 1 1443 1
9 D 145 1443 1
22 L 12 68 1
22 L 12 1490 1
22 L 12 1762 1
22 D 38 68 1
22 D 38 1490 1
22 D 38 1762 1
7 L 6 886 1
7 L 6 989 1
7 L 6 1894 1
7 D 518 886 1
7 D 518 989 1
7 D 518 1894 1
5 L 8 476 1
5 L 8 704 1
5 L 8 723 1
5 D 132 476 1
5 D 132 704 1
5 D 132 723 1
5 L 8 971 1
5 D 132 971 1
4 L 4 68 1
4 L 4 284 1
4 L 4 713 1
4 D 189 68 1
4 D 189 284 1
4 D 189 713 1
4 L 4 872 1
4 L 4 1438 1
4 D 189 872 1
4 D 189 1438 1
0 L 4 429 1
0 L 4 1334 1
0 L 4 1647 1
0 D 748 429 1
0 D 748 1334 1
0 D 748 1647 1
2 L 10 104 1
2 L 10 429 1
2 D 360 104 1
2 D 360 429 1
6 L 8 219 1
6 L 8 277 1
6 D 624 219 1
6 D 624 277 1
6 L 8 639 1
6 L 8 764 1
6 D 624 639 1
6 D 624 764 1
6 L 8 1794 1
6 D 624 1794 1
27 L 8 512 1
27 L 8 529 1
27 L 8 823 1
27 L 8 907 1
27 D 473 512 1
27 D 473 529 1
27 D 473 823 1
27 D 473 907 1
27 L 8 1234 1
27 L 8 1419 1
27 L 8 1527 1
27 D 473 1234 1
27 D 473 1419 1
27 D 473 1527 1
27 L 8 1653 1
27 L 8 1668 1
27 L 8 1706 1
27 D 473 1653 1
27 D 473 1668 1
27 D 473 1706 1
27 L 8 1816 1
27 D 473 1816 1
8 L 4 559 1
8 L 4 567 1
8 D 769 559 1
8 D 769 567 1
8 L 4 678 1
8 D 769 678 1
10 L 4 558 1
10 L 4 1791 1
10 D 530 558 1
10 D 530 1791 1
3 L 4 334 1
3 L 4 352 1
3 L 4 848 1
3 L 4 1037 1
3 D 962 334 1
3 D 962 352 1
3 D 962 848 1
3 D 962 1037 1
29 L 15 420 1
29 L 15 1197 1
29 D 873 420 1
29 D 873 1197 1
1 L 11 1495 1
1 L 11 1890 1
1 L 11 1929 1
1 D 141 1495 1
1 D 141 1890 1
1 D 141 1929 1
11 L 1 184 1
11 L 1 499 1
11 L 1 610 1
11 D 229 184 1
11 D 229 499 1
11 D 229 610 1
11 L 14 970 1
11 L 14 1908 1
11 D 229 970 1
11 D 229 1908 1
13 L 9 372 1
13 L 9 1177 1
13 D 152 372 1
13 D 152 1177 1
25 L 11 43 1
25 D 714 43 1
25 L 11 320 1
25 D 714 320 1
25 L 11 1652 1
25 D 714 1652 1
23 L 11 31 1
23 L 11 270 1
23 D 172 31 1
23 D 172 270 1
23 L 11 731 1
23 L 11 1854 1
23 D 172 731 1
23 D 172 1854 1
28 L 4 391 1
28 L 4 913 1
28 D 106 391 1
28 D 106 913 1
28 L 4 1304 1
28 D 106 1304 1
26 L 8 547 1
26 L 8 911 1
26 D 743 547 1
26 D 743 911 1
26 L 8 974 1
26 L 8 1143 1
26 D 743 974 1
26 D 743 1143 1
26 L 8 1903 1
26 D 743 1903 1
16 L 14 541 1
16 L 14 1277 1
16 L 14 1439 1
16 D 167 541 1
16 D 167 1277 1
16 D 167 1439 1
16 L 1 1939 1
16 D 167 1939 1
17 L 8 259 1
17 L 8 276 1
17 L 8 590 1
17 L 8 764 1
17 D 956 259 1
17 D 956 276 1
17 D 956 590 1
17 D 956 764 1
17 L 8 1266 1
17 L 8 1956 1
17 L 8 1974 1
17 D 956 1266 1
17 D 956 1956 1
17 D 956 1974 1
15 L 4 1277 1
15 L 4 1285 1
15 L 4 1420 1
15 D 425 1277 1
15 D 425 1285 1
15 D 425 1420 1
18 L 8 929 1
18 L 8 1011 1
18 D 201 929 1
18 D 201 1011 1
18 L 8 1456 1
18 D 201 1456 1
12 L 11 26 1
12 L 11 153 1
12 L 11 1508 1
12 D 323 26 1
12 D 323 153 1
12 D 323 1508 1
21 L 11 1355 1
21 D 934 1355 1
27 L 8 28 1
27 L 8 102 1
27 L 8 261 1
27 D 60 28 1
27 D 60 102 1
27 D 60 261 1
27 L 8 601 1
27 L 8 634 1
27 L 8 1214 1
27 D 60 601 1
27 D 60 634 1
27 D 60 1214 1
27 L 8 1526 1
27 L 8 1669 1
27 L 8 1817 1
27 L 8 1924 1
27 D 60 1526 1
27 D 60 1669 1
27 D 60 1817 1
27 D 60 1924 1
20 L 4 505 1
20 L 4 690 1
20 D 676 505 1
20 D 676 690 1
20 L 4 765 1
20 L 4 919 1
20 L 4 1691 1
20 D 676 765 1
20 D 676 919 1
20 D 676 1691 1
14 L 11 142 1
14 L 11 1165 1
14 L 11 1825 1
14 D 288 142 1
14 D 288 1165 1
14 D 288 1825 1
6 L 8 392 1
6 L 8 549 1
6 D 884 392 1
6 D 884 549 1
13 L 9 1057 1
13 D 315 1057 1
19 L 10 290 1
19 L 10 634 1
19 L 10 1863 1
19 D 112 290 1
19 D 112 634 1
19 D 112 1863 1
22 L 12 1282 1
22 L 12 1512 1
22 L 12 1875 1
22 D 215 1282 1
22 D 215 1512 1
22 D 215 1875 1
24 L 8 100 1
24 L 8 1010 1
24 D 957 100 1
24 D 957 1010 1
8 L 4 1270 1
8 L 4 1329 1
8 D 634 1270 1
8 D 634 1329 1
3 L 15 159 1
3 L 15 172 1
3 L 15 1779 1
3 D 139 159 1
3 D 139 172 1
3 D 139 1779 1
2 L 11 266 1
2 L 11 1818 1
2 D 560 266 1
2 D 560 1818 1
4 L 4 380 1
4 L 4 442 1
4 D 431 380 1
4 D 431 442 1
4 L 4 454 1
4 L 4 688 1
4 L 4 985 1
4 L 4 1328 1
4 L 4 1427 1
4 D 431 454 1
4 D 431 688 1
4 D 431 985 1
4 D 431 1328 1
4 D 431 1427 1
4 L 4 1482 1
4 L 4 1611 1
4 D 431 1482 1
4 D 431 1611 1
0 L 4 370 1
0 L 4 1449 1
0 L 4 1853 1
0 D 941 370 1
0 D 941 1449 1
0 D 941 1853 1
29 L 15 189 1
29 L 15 1860 1
29 D 532 189 1
29 D 532 1860 1
5 L 8 139 1
5 L 8 1118 1
5 L 8 1234 1
5 D 80 139 1
5 D 80 1118 1
5 D 80 1234 1
1 L 11 35 1
1 L 11 1406 1
1 D 862 35 1
1 D 862 1406 1
7 L 8 1086 1
7 L 8 1300 1
7 L 8 1423 1
7 L 8 1490 1
7 L 8 1633 1
7 D 639 1086 1
7 D 639 1300 1
7 D 639 1423 1
7 D 639 1490 1
7 D 639 1633 1
7 L 9 1891 1
7 D 639 1891 1
27 L 8 278 1
27 L 8 680 1
27 L 8 841 1
27 L 8 852 1
27 L 8 955 1
27 D 640 278 1
27 D 640 680 1
27 D 640 841 1
27 D 640 852 1
27 D 640 955 1
27 L 8 1022 1
27 L 8 1116 1
27 D 640 1022 1
27 D 640 1116 1
27 L 8 1382 1
27 D 640 1382 1
27 L 8 1478 1
27 L 8 1536 1
27 D 640 1478 1
27 D 640 1536 1
27 L 8 1554 1
27 L 8 1559 1
27 D 640 1554 1
27 D 640 1559 1
26 L 8 104 1
26 L 8 352 1
26 L 8 1434 1
26 D 557 104 1
26 D 557 352 1
26 D 557 1434 1
28 L 4 736 1
28 L 4 1025 1
28 L 4 1166 1
28 D 129 736 1
28 D 129 1025 1
28 D 129 1166 1
10 L 4 433 1
10 L 4 475 1
10 L 4 1375 1
10 D 770 433 1
10 D 770 475 1
10 D 770 1375 1
25 L 11 277 1
25 L 11 674 1
25 D 269 277 1
25 D 269 674 1
25 L 4 829 1
25 D 269 829 1
25 L 4 1214 1
25 D 269 1214 1
6 L 3 725 1
6 L 9 1090 1
6 L 9 1220 1
6 D 722 725 1
6 D 722 1090 1
6 D 722 1220 1
17 L 8 732 1
17 L 8 1488 1
17 D 981 732 1
17 D 981 1488 1
17 L 9 1626 1
17 D 981 1626 1
18 L 8 346 1
18 L 8 1894 1
18 D 328 346 1
18 D 328 1894 1
9 L 1 338 1
9 L 1 512 1
9 L 1 1097 1
9 D 67 338 1
9 D 67 512 1
9 D 67 1097 1
9 L 1 1329 1
9 D 67 1329 1
15 L 4 386 1
15 L 4 751 1
15 L 4 1022 1
15 L 4 1234 1
15 D 965 386 1
15 D 965 751 1
15 D 965 1022 1
15 D 965 1234 1
15 L 4 1908 1
15 D 965 1908 1
23 L 11 54 1
23 L 11 328 1
23 L 11 1411 1
23 L 11 1646 1
23 L 11 1979 1
23 D 615 54 1
23 D 615 328 1
23 D 615 1411 1
23 D 615 1646 1
23 D 615 1979 1
13 L 2 375 1
13 L 2 1491 1
13 D 654 375 1
13 D 654 1491 1
16 L 1 77 1
16 L 1 97 1
16 L 5 704 1
16 L 5 750 1
16 L 5 870 1
16 D 764 77 1
16 D 764 97 1
16 D 764 704 1
16 D 764 750 1
16 D 764 870 1
16 L 1 1436 1
16 L 1 1969 1
16 D 764 1436 1
16 D 764 1969 1
12 L 11 1306 1
12 L 11 1354 1
12 L 11 1887 1
12 D 883 1306 1
12 D 883 1354 1
12 D 883 1887 1
21 L 10 175 1
21 D 372 175 1
21 L 10 561 1
21 L 10 1172 1
21 L 10 1420 1
21 D 372 561 1
21 D 372 1172 1
21 D 372 1420 1
21 L 10 1638 1
21 D 372 1638 1
24 L 2 597 1
24 D 68 597 1
8 L 4 582 1
8 L 4 701 1
8 D 878 582 1
8 D 878 701 1
8 L 4 914 1
8 L 4 1197 1
8 D 878 914 1
8 D 878 1197 1
8 L 4 1771 1
8 D 878 1771 1
22 L 12 1410 1
22 L 12 1666 1
22 D 731 1410 1
22 D 731 1666 1
19 L 11 401 1
19 L 11 462 1
19 L 11 466 1
19 D 925 401 1
19 D 925 462 1
19 D 925 466 1
19 L 11 468 1
19 L 11 560 1
19 D 925 468 1
19 D 925 560 1
19 L 11 790 1
19 L 11 976 1
19 L 11 1087 1
19 D 925 790 1
19 D 925 976 1
19 D 925 1087 1
19 L 11 1172 1
19 L 11 1371 1
19 L 11 1824 1
19 D 925 1172 1
19 D 925 1371 1
19 D 925 1824 1
14 L 4 191 1
14 L 4 275 1
14 L 4 860 1
14 D 302 191 1
14 D 302 275 1
14 D 302 860 1
14 L 4 1186 1
14 L 4 1715 1
14 D 302 1186 1
14 D 302 1715 1
20 L 4 1514 1
20 L 4 1782 1
20 D 49 1514 1
20 D 49 1782 1
4 L 4 815 1
4 D 19 815 1
5 L 15 1545 1
5 L 15 1843 1
5 L 15 1993 1
5 D 609 1545 1
5 D 609 1843 1
5 D 609 1993 1
11 L 14 1313 1
11 L 14 1641 1
11 D 108 1313 1
11 D 108 1641 1
11 L 14 1653 1
11 L 14 1786 1
11 D 108 1653 1
11 D 108 1786 1
3 L 15 17 1
3 L 15 115 1
3 L 15 431 1
3 L 15 1311 1
3 L 15 1425 1
3 D 535 17 1
3 D 535 115 1
3 D 535 431 1
3 D 535 1311 1
3 D 535 1425 1
3 L 3 1909 1
3 D 535 1909 1
27 L 8 242 1
27 L 8 421 1
27 D 716 242 1
27 D 716 421 1
27 L 9 1177 1
27 L 9 1433 1
27 L 9 1832 1
27 D 716 1177 1
27 D 716 1433 1
27 D 716 1832 1
26 L 15 5 1
26 L 15 397 1
26 L 15 920 1
26 L 15 1124 1
26 D 206 5 1
26 D 206 397 1
26 D 206 920 1
26 D 206 1124 1
29 L 15 639 1
29 L 15 1231 1
29 D 963 639 1
29 D 963 1231 1
25 L 4 71 1
25 L 4 153 1
25 D 443 71 1
25 D 443 153 1
25 L 4 1792 1
25 L 4 1884 1
25 D 443 1792 1
25 D 443 1884 1
17 L 9 1061 1
17 L 9 1192 1
17 L 9 1455 1
17 L 9 1960 1
17 D 345 1061 1
17 D 345 1192 1
17 D 345 1455 1
17 D 345 1960 1
28 L 15 688 1
28 L 15 1464 1
28 L 15 1520 1
28 D 352 688 1
28 D 352 1464 1
28 D 352 1520 1
18 L 8 527 1
18 L 8 759 1
18 D 484 527 1
18 D 484 759 1
18 L 8 1266 1
18 L 8 1535 1
18 L 9 1757 1
18 D 484 1266 1
18 D 484 1535 1
18 D 484 1757 1
6 L 9 95 1
6 L 9 409 1
6 L 9 975 1
6 D 175 95 1
6 D 175 409 1
6 D 175 975 1
0 L 15 71 1
0 L 15 832 1
0 L 15 1093 1
0 D 527 71 1
0 D 527 832 1
0 D 527 1093 1
0 L 3 1191 1
0 D 527 1191 1
1 L 11 441 1
1 L 11 509 1
1 L 11 904 1
1 L 11 953 1
1 L 11 1230 1
1 D 246 441 1
1 D 246 509 1
1 D 246 904 1
1 D 246 953 1
1 D 246 1230 1
2 L 10 71 1
2 L 10 1014 1
2 L 10 1019 1
2 D 955 71 1
2 D 955 1014 1
2 D 955 1019 1
7 L 9 26 1
7 L 9 1091 1
7 L 9 1785 1
7 D 888 26 1
7 D 888 1091 1
7 D 888 1785 1
7 L 9 1830 1
7 D 888 1830 1
9 L 1 167 1
9 L 1 456 1
9 D 304 167 1
9 D 304 456 1
9 L 14 1196 1
9 L 14 1541 1
9 D 304 1196 1
9 D 304 1541 1
23 L 4 97 1
23 L 4 445 1
23 L 4 954 1
23 D 436 97 1
23 D 436 445 1
23 D 436 954 1
23 L 4 1955 1
23 D 436 1955 1
13 L 2 218 1
13 L 2 328 1
13 L 2 911 1
13 L 2 1525 1
13 D 469 218 1
13 D 469 328 1
13 D 469 911 1
13 D 469 1525 1
13 L 8 1633 1
13 D 469 1633 1
10 L 15 1106 1
10 L 15 1972 1
10 D 887 1106 1
10 D 887 1972 1
27 L 9 128 1
27 L 9 597 1
27 L 9 621 1
27 L 9 820 1
27 D 570 128 1
27 D 570 597 1
27 D 570 621 1
27 D 570 820 1
27 L 3 832 1
27 L 3 895 1
27 L 3 1108 1
27 D 570 832 1
27 D 570 895 1
27 D 570 1108 1
27 L 3 1567 1
27 L 3 1983 1
27 D 570 1567 1
27 D 570 1983 1
15 L 4 67 1
15 L 4 1043 1
15 L 4 1163 1
15 D 277 67 1
15 D 277 1043 1
15 D 277 1163 1
15 L 4 1366 1
15 L 4 1868 1
15 D 277 1366 1
15 D 277 1868 1
5 L 15 427 1
5 L 15 528 1
5 D 387 427 1
5 D 387 528 1
5 L 3 1792 1
5 D 387 1792 1
5 L 3 1863 1
5 L 3 1903 1
5 D 387 1863 1
5 D 387 1903 1
3 L 3 280 1
3 L 3 342 1
3 L 3 628 1
3 D 415 280 1
3 D 415 342 1
3 D 415 628 1
3 L 15 795 1
3 L 15 1270 1
3 L 15 1607 1
3 D 415 795 1
3 D 415 1270 1
3 D 415 1607 1
4 L 15 86 1
4 L 15 591 1
4 L 15 1331 1
4 D 637 86 1
4 D 637 591 1
4 D 637 1331 1
4 L 15 1464 1
4 L 3 1693 1
4 D 637 1464 1
4 D 637 1693 1
4 L 15 1999 1
4 D 637 1999 1
16 L 1 52 1
16 L 1 66 1
16 D 542 52 1
16 D 542 66 1
16 L 0 99 1
16 L 0 371 1
16 D 542 99 1
16 D 542 371 1
16 L 0 624 1
16 L 0 1159 1
16 D 542 624 1
16 D 542 1159 1
16 L 0 1243 1
16 L 0 1279 1
16 L 0 1289 1
16 D 542 1243 1
16 D 542 1279 1
16 D 542 1289 1
16 L 0 1523 1
16 L 0 1854 1
16 L 0 1881 1
16 D 542 1523 1
16 D 542 1854 1
16 D 542 1881 1
20 L 15 189 1
20 L 15 201 1
20 L 15 299 1
20 L 15 482 1
20 D 586 189 1
20 D 586 201 1
20 D 586 299 1
20 D 586 482 1
20 L 15 617 1
20 L 15 871 1
20 D 586 617 1
20 D 586 871 1
17 L 15 586 1
17 L 15 640 1
17 L 9 1706 1
17 D 274 586 1
17 D 274 640 1
17 D 274 1706 1
29 L 8 383 1
29 L 8 717 1
29 D 950 383 1
29 D 950 717 1
29 L 8 727 1
29 L 8 1427 1
29 L 8 1567 1
29 L 8 1567 1
29 D 950 727 1
29 D 950 1427 1
29 D 950 1567 2
22 L 4 563 1
22 L 4 1095 1
22 D 48 563 1
22 D 48 1095 1
22 L 4 1785 1
22 D 48 1785 1
25 L 4 2 1
25 L 4 22 1
25 L 4 172 1
25 D 760 2 1
25 D 760 22 1
25 D 760 172 1
25 L 4 363 1
25 L 4 720 1
25 D 760 363 1
25 D 760 720 1
26 L 15 163 1
26 L 15 571 1
26 L 15 805 1
26 L 15 1290 1
26 D 135 163 1
26 D 135 571 1
26 D 135 805 1
26 D 135 1290 1
26 L 8 1363 1
26 L 8 1843 1
26 D 135 1363 1
26 D 135 1843 1
12 L 0 953 1
12 L 0 1138 1
12 L 0 1866 1
12 D 765 953 1
12 D 765 1138 1
12 D 765 1866 1
21 L 10 406 1
21 L 10 422 1
21 L 10 1260 1
21 D 552 406 1
21 D 552 422 1
21 D 552 1260 1
21 L 10 1402 1
21 D 552 1402 1
11 L 14 407 1
11 L 14 583 1
11 L 14 958 1
11 D 309 407 1
11 D 309 583 1
11 D 309 958 1
11 L 1 1196 1
11 L 1 1279 1
11 L 1 1582 1
11 L 1 1713 1
11 D 309 1196 1
11 D 309 1279 1
11 D 309 1582 1
11 D 309 1713 1
11 L 1 1822 1
11 D 309 1822 1
8 L 4 276 1
8 L 4 353 1
8 L 4 424 1
8 D 235 276 1
8 D 235 353 1
8 D 235 424 1
8 L 4 970 1
8 L 4 1641 1
8 L 4 1944 1
8 D 235 970 1
8 D 235 1641 1
8 D 235 1944 1
19 L 11 427 1
19 L 11 852 1
19 D 505 427 1
19 D 505 852 1
19 L 11 1481 1
19 D 505 1481 1
24 L 6 240 1
24 L 6 471 1
24 L 14 760 1
24 D 751 240 1
24 D 751 471 1
24 D 751 760 1
28 L 15 751 1
28 L 15 824 1
28 L 15 1142 1
28 L 15 1720 1
28 D 493 751 1
28 D 493 824 1
28 D 493 1142 1
28 D 493 1720 1
28 L 8 1874 1
28 D 493 1874 1
7 L 9 218 1
7 L 9 218 1
7 L 9 929 1
7 D 492 218 2
7 D 492 929 1
7 L 8 946 1
7 L 8 964 1
7 L 8 1649 1
7 D 492 946 1
7 D 492 964 1
7 D 492 1649 1
6 L 15 48 1
6 D 402 48 1
6 L 15 1549 1
6 D 402 1549 1
14 L 4 921 1
14 L 4 1285 1
14 D 432 921 1
14 D 432 1285 1
14 L 4 1289 1
14 L 4 1594 1
14 L 4 1883 1
14 D 432 1289 1
14 D 432 1594 1
14 D 432 1883 1
23 L 4 1070 1
23 L 4 1265 1
23 L 4 1571 1
23 D 699 1070 1
23 D 699 1265 1
23 D 699 1571 1
23 L 4 1601 1
23 D 699 1601 1
10 L 7 64 1
10 L 7 147 1
10 D 401 64 1
10 D 401 147 1
10 L 7 790 1
10 L 7 832 1
10 L 7 946 1
10 D 401 790 1
10 D 401 832 1
10 D 401 946 1
10 L 7 1159 1
10 L 7 1999 1
10 D 401 1159 1
10 D 401 1999 1
3 L 15 492 1
3 L 15 904 1
3 L 15 1112 1
3 D 567 492 1
3 D 567 904 1
3 D 567 1112 1
3 L 8 1342 1
3 L 8 1701 1
3 D 567 1342 1
3 D 567 1701 1
27 L 3 283 1
27 L 3 463 1
27 L 3 477 1
27 L 3 674 1
27 D 390 283 1
27 D 390 463 1
27 D 390 477 1
27 D 390 674 1
27 L 15 732 1
27 L 15 783 1
27 L 15 901 1
27 L 15 935 1
27 D 390 732 1
27 D 390 783 1
27 D 390 901 1
27 D 390 935 1
27 L 3 1558 1
27 D 390 1558 1
0 L 3 52 1
0 L 9 77 1
0 L 9 1871 1
0 D 299 52 1
0 D 299 77 1
0 D 299 1871 1
0 L 15 1877 1
0 D 299 1877 1
15 L 4 572 1
15 L 4 1250 1
15 D 240 572 1
15 D 240 1250 1
15 L 4 1558 1
15 D 240 1558 1
1 L 12 730 1
1 L 12 836 1
1 L 12 1176 1
1 D 882 730 1
1 D 882 836 1
1 D 882 1176 1
1 L 12 1777 1
1 D 882 1777 1
2 L 11 421 1
2 L 11 1559 1
2 D 412 421 1
2 D 412 1559 1
2 L 4 1580 1
2 D 412 1580 1
18 L 8 96 1
18 L 8 533 1
18 D 93 96 1
18 D 93 533 1
18 L 8 673 1
18 L 8 723 1
18 L 8 1001 1
18 D 93 673 1
18 D 93 723 1
18 D 93 1001 1
5 L 3 38 1
5 L 3 259 1
5 L 3 371 1
5 D 110 38 1
5 D 110 259 1
5 D 110 371 1
5 L 8 563 1
5 D 110 563 1
5 L 8 1106 1
5 L 8 1699 1
5 D 110 1106 1
5 D 110 1699 1
5 L 8 1762 1
5 L 8 1800 1
5 D 110 1762 1
5 D 110 1800 1
9 L 6 1 1
9 L 6 102 1
9 L 6 183 1
9 L 6 937 1
9 D 369 1 1
9 D 369 102 1
9 D 369 183 1
9 D 369 937 1
9 L 14 1027 1
9 L 14 1054 1
9 D 369 1027 1
9 D 369 1054 1
9 L 14 1186 1
9 L 14 1803 1
9 D 369 1186 1
9 D 369 1803 1
4 L 15 6 1
4 L 15 335 1
4 L 15 460 1
4 L 15 1149 1
4 D 261 6 1
4 D 261 335 1
4 D 261 460 1
4 D 261 1149 1
4 L 15 1595 1
4 D 261 1595 1
13 L 8 159 1
13 L 8 701 1
13 L 8 792 1
13 L 8 1338 1
13 D 614 159 1
13 D 614 701 1
13 D 614 792 1
13 D 614 1338 1
13 L 8 1625 1
13 D 614 1625 1
13 L 9 1770 1
13 D 614 1770 1
10 L 7 462 1
10 L 7 856 1
10 L 12 1379 1
10 D 297 462 1
10 D 297 856 1
10 D 297 1379 1
10 L 12 1948 1
10 D 297 1948 1
25 L 4 153 1
25 L 4 228 1
25 D 806 153 1
25 D 806 228 1
25 L 4 462 1
25 L 4 777 1
25 L 4 832 1
25 L 4 1086 1
25 D 806 462 1
25 D 806 777 1
25 D 806 832 1
25 D 806 1086 1
25 L 4 1199 1
25 L 4 1447 1
25 D 806 1199 1
25 D 806 1447 1
25 L 4 1448 1
25 L 4 1473 1
25 D 806 1448 1
25 D 806 1473 1
25 L 4 1510 1
25 L 4 1918 1
25 D 806 1510 1
25 D 806 1918 1
22 L 4 859 1
22 L 4 1075 1
22 D 896 859 1
22 D 896 1075 1
22 L 4 1794 1
22 D 896 1794 1
19 L 11 419 1
19 L 11 455 1
19 D 604 419 1
19 D 604 455 1
19 L 11 1545 1
19 D 604 1545 1
7 L 9 2 1
7 L 9 309 1
7 D 583 2 1
7 D 583 309 1
7 L 9 1227 1
7 L 9 1243 1
7 D 583 1227 1
7 D 583 1243 1
7 L 3 1400 1
7 L 3 1541 1
7 D 583 1400 1
7 D 583 1541 1
8 L 4 218 1
8 L 4 806 1
8 D 87 218 1
8 D 87 806 1
8 L 7 1542 1
8 L 7 1912 1
8 D 87 1542 1
8 D 87 1912 1
16 L 0 71 1
16 L 0 136 1
16 D 739 71 1
16 D 739 136 1
16 L 0 323 1
16 L 0 688 1
16 D 739 323 1
16 D 739 688 1
16 L 0 1558 1
16 L 0 1649 1
16 L 5 1766 1
16 D 739 1558 1
16 D 739 1649 1
16 D 739 1766 1
20 L 15 107 1
20 L 15 265 1
20 D 250 107 1
20 D 250 265 1
20 L 13 554 1
20 D 250 554 1
17 L 8 130 1
17 L 8 278 1
17 L 8 609 1
17 L 8 741 1
17 D 666 130 1
17 D 666 278 1
17 D 666 609 1
17 D 666 741 1
17 L 3 1587 1
17 D 666 1587 1
21 L 10 105 1
21 L 10 426 1
21 L 10 590 1
21 D 478 105 1
21 D 478 426 1
21 D 478 590 1
21 L 10 1411 1
21 L 10 1739 1
21 L 10 1950 1
21 D 478 1411 1
21 D 478 1739 1
21 D 478 1950 1
29 L 8 48 1
29 L 8 50 1
29 L 8 344 1
29 D 57 48 1
29 D 57 50 1
29 D 57 344 1
29 L 8 470 1
29 L 8 704 1
29 L 8 787 1
29 L 8 985 1
29 D 57 470 1
29 D 57 704 1
29 D 57 787 1
29 D 57 985 1
29 L 8 1172 1
29 L 8 1347 1
29 L 8 1875 1
29 D 57 1172 1
29 D 57 1347 1
29 D 57 1875 1
14 L 4 421 1
14 L 4 1030 1
14 L 4 1221 1
14 D 322 421 1
14 D 322 1030 1
14 D 322 1221 1
14 L 7 1923 1
14 D 322 1923 1
26 L 8 12 1
26 L 8 68 1
26 L 8 954 1
26 D 608 12 1
26 D 608 68 1
26 D 608 954 1
26 L 9 1091 1
26 L 9 1322 1
26 L 9 1621 1
26 D 608 1091 1
26 D 608 1322 1
26 D 608 1621 1
26 L 8 1823 1
26 D 608 1823 1
12 L 8 16 1
12 L 8 26 1
12 L 8 78 1
12 L 8 638 1
12 D 259 16 1
12 D 259 26 1
12 D 259 78 1
12 D 259 638 1
12 L 8 1159 1
12 L 8 1290 1
12 L 9 1402 1
12 L 9 1640 1
12 D 259 1159 1
12 D 259 1290 1
12 D 259 1402 1
12 D 259 1640 1
11 L 1 63 1
11 L 1 505 1
11 L 1 660 1
11 D 1 63 1
11 D 1 505 1
11 D 1 660 1
11 L 14 789 1
11 L 14 1486 1
11 L 14 1741 1
11 L 14 1886 1
11 D 1 789 1
11 D 1 1486 1
11 D 1 1741 1
11 D 1 1886 1
11 L 14 1910 1
11 D 1 1910 1
23 L 4 83 1
23 L 4 182 1
23 L 4 405 1
23 L 4 730 1
23 D 397 83 1
23 D 397 182 1
23 D 397 405 1
23 D 397 730 1
23 L 4 789 1
23 L 4 1822 1
23 L 4 1871 1
23 D 397 789 1
23 D 397 1822 1
23 D 397 1871 1
27 L 15 251 1
27 L 15 270 1
27 D 342 251 1
27 D 342 270 1
27 L 15 626 1
27 L 15 637 1
27 L 15 680 1
27 L 15 1204 1
27 D 342 626 1
27 D 342 637 1
27 D 342 680 1
27 D 342 1204 1
27 L 15 1587 1
27 L 15 1688 1
27 D 342 1587 1
27 D 342 1688 1
28 L 8 299 1
28 L 8 634 1
28 L 8 914 1
28 D 483 299 1
28 D 483 634 1
28 D 483 914 1
28 L 8 979 1
28 L 8 1089 1
28 D 483 979 1
28 D 483 1089 1
28 L 8 1357 1
28 L 8 1457 1
28 D 483 1357 1
28 D 483 1457 1
28 L 8 1534 1
28 D 483 1534 1
3 L 9 51 1
3 L 9 655 1
3 D 455 51 1
3 D 455 655 1
3 L 8 679 1
3 L 8 833 1
3 L 8 937 1
3 D 455 679 1
3 D 455 833 1
3 D 455 937 1
3 L 8 1135 1
3 L 8 1278 1
3 L 8 1373 1
3 L 8 1420 1
3 D 455 1135 1
3 D 455 1278 1
3 D 455 1373 1
3 D 455 1420 1
3 L 8 1530 1
3 D 455 1530 1
6 L 13 353 1
6 L 13 652 1
6 D 268 353 1
6 D 268 652 1
6 L 15 1482 1
6 L 15 1886 1
6 D 268 1482 1
6 D 268 1886 1
0 L 15 116 1
0 L 15 703 1
0 D 648 116 1
0 D 648 703 1
0 L 15 1530 1
0 L 15 1896 1
0 D 648 1530 1
0 D 648 1896 1
10 L 12 144 1
10 L 12 1075 1
10 L 12 1447 1
10 D 907 144 1
10 D 907 1075 1
10 D 907 1447 1
10 L 12 1769 1
10 D 907 1769 1
18 L 8 64 1
18 L 8 375 1
18 D 717 64 1
18 D 717 375 1
18 L 8 614 1
18 L 8 1034 1
18 L 9 1397 1
18 L 9 1896 1
18 D 717 614 1
18 D 717 1034 1
18 D 717 1397 1
18 D 717 1896 1
15 L 7 365 1
15 L 7 802 1
15 L 7 883 1
15 D 691 365 1
15 D 691 802 1
15 D 691 883 1
15 L 4 1135 1
15 L 4 1535 1
15 L 4 1548 1
15 D 691 1135 1
15 D 691 1535 1
15 D 691 1548 1
5 L 8 26 1
5 L 8 233 1
5 L 8 312 1
5 L 8 400 1
5 D 419 26 1
5 D 419 233 1
5 D 419 312 1
5 D 419 400 1
5 L 6 1138 1
5 L 6 1342 1
5 D 419 1138 1
5 D 419 1342 1
2 L 4 468 1
2 L 4 1467 1
2 D 926 468 1
2 D 926 1467 1
2 L 7 1500 1
2 D 926 1500 1
4 L 15 173 1
4 L 15 680 1
4 D 916 173 1
4 D 916 680 1
4 L 15 810 1
4 L 15 823 1
4 D 916 810 1
4 D 916 823 1
4 L 15 890 1
4 L 15 921 1
4 D 916 890 1
4 D 916 921 1
4 L 15 1545 1
4 L 15 1688 1
4 D 916 1545 1
4 D 916 1688 1
4 L 15 1887 1
4 L 15 1946 1
4 D 916 1887 1
4 D 916 1946 1
13 L 8 121 1
13 L 8 547 1
13 L 8 582 1
13 D 668 121 1
13 D 668 547 1
13 D 668 582 1
13 L 9 734 1
13 L 9 898 1
13 D 668 734 1
13 D 668 898 1
13 L 8 1908 1
13 D 668 1908 1
24 L 1 409 1
24 L 1 723 1
24 L 5 1717 1
24 D 17 409 1
24 D 17 723 1
24 D 17 1717 1
24 L 0 1832 1
24 D 17 1832 1
1 L 12 110 1
1 D 463 110 1
1 L 12 1199 1
1 L 12 1526 1
1 L 12 1527 1
1 D 463 1199 1
1 D 463 1526 1
1 D 463 1527 1
1 L 12 1871 1
1 L 12 1909 1
1 D 463 1871 1
1 D 463 1909 1
16 L 0 642 1
16 L 0 887 1
16 D 816 642 1
16 D 816 887 1
16 L 0 900 1
16 L 0 1243 1
16 L 0 1595 1
16 D 816 900 1
16 D 816 1243 1
16 D 816 1595 1
7 L 9 794 1
7 L 9 837 1
7 L 9 1033 1
7 L 9 1433 1
7 D 275 794 1
7 D 275 837 1
7 D 275 1033 1
7 D 275 1433 1
7 L 8 1637 1
7 D 275 1637 1
25 L 4 1154 1
25 L 4 1333 1
25 L 4 1489 1
25 D 804 1154 1
25 D 804 1333 1
25 D 804 1489 1
25 L 7 1747 1
25 D 804 1747 1
22 L 4 29 1
22 L 4 481 1
22 D 780 29 1
22 D 780 481 1
22 L 4 573 1
22 L 4 727 1
22 L 4 809 1
22 D 780 573 1
22 D 780 727 1
22 D 780 809 1
22 L 4 890 1
22 L 4 1267 1
22 D 780 890 1
22 D 780 1267 1
8 L 7 983 1
8 L 7 1863 1
8 D 361 983 1
8 D 361 1863 1
8 L 7 1912 1
8 D 361 1912 1
9 L 14 83 1
9 L 14 86 1
9 L 14 230 1
9 L 14 762 1
9 D 131 83 1
9 D 131 86 1
9 D 131 230 1
9 D 131 762 1
9 L 1 1444 1
9 L 1 1541 1
9 L 1 1927 1
9 D 131 1444 1
9 D 131 1541 1
9 D 131 1927 1
19 L 11 97 1
19 L 11 576 1
19 L 11 1264 1
19 D 911 97 1
19 D 911 576 1
19 D 911 1264 1
17 L 8 500 1
17 L 8 823 1
17 L 8 1047 1
17 L 8 1075 1
17 L 8 1123 1
17 D 84 500 1
17 D 84 823 1
17 D 84 1047 1
17 D 84 1075 1
17 D 84 1123 1
17 L 14 1744 1
17 D 84 1744 1
20 L 13 429 1
20 L 13 525 1
20 L 13 816 1
20 D 626 429 1
20 D 626 525 1
20 D 626 816 1
20 L 7 1078 1
20 L 7 1415 1
20 D 626 1078 1
20 D 626 1415 1
14 L 7 488 1
14 L 7 1084 1
14 L 7 1204 1
14 D 5 488 1
14 D 5 1084 1
14 D 5 1204 1
14 L 7 1481 1
14 D 5 1481 1
14 L 7 1863 1
14 D 5 1863 1
21 L 10 154 1
21 L 10 691 1
21 D 905 154 1
21 D 905 691 1
21 L 10 797 1
21 L 10 877 1
21 L 10 998 1
21 D 905 797 1
21 D 905 877 1
21 D 905 998 1
21 L 10 1185 1
21 L 10 1831 1
21 L 10 1911 1
21 D 905 1185 1
21 D 905 1831 1
21 D 905 1911 1
29 L 8 314 1
29 L 8 1798 1
29 L 8 1837 1
29 D 851 314 1
29 D 851 1798 1
29 D 851 1837 1
29 L 2 1938 1
29 D 851 1938 1
26 L 9 253 1
26 L 9 324 1
26 L 9 422 1
26 D 886 253 1
26 D 886 324 1
26 D 886 422 1
26 L 9 489 1
26 L 9 796 1
26 L 9 917 1
26 D 886 489 1
26 D 886 796 1
26 D 886 917 1
26 L 8 1830 1
26 L 8 1901 1
26 D 886 1830 1
26 D 886 1901 1
27 L 15 141 1
27 L 15 827 1
27 L 15 1049 1
27 D 169 141 1
27 D 169 827 1
27 D 169 1049 1
27 L 15 1120 1
27 L 15 1342 1
27 D 169 1120 1
27 D 169 1342 1
23 L 4 164 1
23 L 4 977 1
23 D 897 164 1
23 D 897 977 1
23 L 4 1289 1
23 D 897 1289 1
10 L 12 484 1
10 L 12 599 1
10 D 588 484 1
10 D 588 599 1
10 L 7 780 1
10 L 7 1015 1
10 L 12 1198 1
10 D 588 780 1
10 D 588 1015 1
10 D 588 1198 1
11 L 14 73 1
11 L 14 415 1
11 L 14 483 1
11 L 14 704 1
11 D 840 73 1
11 D 840 415 1
11 D 840 483 1
11 D 840 704 1
11 L 1 1078 1
11 L 1 1222 1
11 L 1 1316 1
11 D 840 1078 1
11 D 840 1222 1
11 D 840 1316 1
11 L 5 1724 1
11 D 840 1724 1
28 L 8 58 1
28 L 8 421 1
28 L 8 540 1
28 L 8 592 1
28 D 933 58 1
28 D 933 421 1
28 D 933 540 1
28 D 933 592 1
28 L 8 650 1
28 L 8 1149 1
28 L 9 1653 1
28 D 933 650 1
28 D 933 1149 1
28 D 933 1653 1
28 L 8 1734 1
28 L 8 1809 1
28 L 8 1947 1
28 D 933 1734 1
28 D 933 1809 1
28 D 933 1947 1
28 L 8 1964 1
28 D 933 1964 1
0 L 15 18 1
0 L 15 114 1
0 D 683 18 1
0 D 683 114 1
0 L 15 475 1
0 L 15 1000 1
0 L 15 1977 1
0 D 683 475 1
0 D 683 1000 1
0 D 683 1977 1
6 L 15 644 1
6 L 15 798 1
6 D 510 644 1
6 D 510 798 1
6 L 13 1103 1
6 D 510 1103 1
3 L 8 747 1
3 D 326 747 1
3 L 6 801 1
3 L 6 1681 1
3 D 326 801 1
3 D 326 1681 1
15 L 4 157 1
15 L 4 308 1
15 D 272 157 1
15 D 272 308 1
15 L 4 343 1
15 L 4 528 1
15 L 4 1817 1
15 D 272 343 1
15 D 272 528 1
15 D 272 1817 1
5 L 6 857 1
5 L 6 1050 1
5 L 6 1538 1
5 D 529 857 1
5 D 529 1050 1
5 D 529 1538 1
5 L 6 1679 1
5 D 529 1679 1
1 L 12 15 1
1 L 12 113 1
1 D 908 15 1
1 D 908 113 1
1 L 7 220 1
1 L 7 753 1
1 L 7 1522 1
1 D 908 220 1
1 D 908 753 1
1 D 908 1522 1
12 L 8 81 1
12 L 8 163 1
12 L 8 220 1
12 D 559 81 1
12 D 559 163 1
12 D 559 220 1
12 L 8 321 1
12 D 559 321 1
12 L 8 782 1
12 D 559 782 1
12 L 8 811 1
12 L 8 920 1
12 L 8 1817 1
12 L 9 1828 1
12 D 559 811 1
12 D 559 920 1
12 D 559 1817 1
12 D 559 1828 1
2 L 7 512 1
2 L 7 1300 1
2 D 85 512 1
2 D 85 1300 1
16 L 0 764 1
16 L 0 806 1
16 L 0 1547 1
16 D 92 764 1
16 D 92 806 1
16 D 92 1547 1
16 L 0 1638 1
16 L 0 1870 1
16 D 92 1638 1
16 D 92 1870 1
25 L 7 133 1
25 L 7 417 1
25 D 674 133 1
25 D 674 417 1
25 L 4 843 1
25 L 4 950 1
25 D 674 843 1
25 D 674 950 1
25 L 4 1501 1
25 L 4 1587 1
25 L 4 1680 1
25 D 674 1501 1
25 D 674 1587 1
25 D 674 1680 1
25 L 4 1802 1
25 D 674 1802 1
13 L 8 553 1
13 L 8 1094 1
13 L 8 1595 1
13 D 308 553 1
13 D 308 1094 1
13 D 308 1595 1
13 L 8 1875 1
13 D 308 1875 1
18 L 8 43 1
18 L 8 68 1
18 D 124 43 1
18 D 124 68 1
18 L 8 988 1
18 L 8 1054 1
18 L 8 1147 1
18 D 124 988 1
18 D 124 1054 1
18 D 124 1147 1
18 L 8 1356 1
18 L 8 1548 1
18 L 8 1639 1
18 D 124 1356 1
18 D 124 1548 1
18 D 124 1639 1
7 L 8 780 1
7 L 8 900 1
7 D 789 780 1
7 D 789 900 1
7 L 14 917 1
7 D 789 917 1
4 L 15 675 1
4 L 15 724 1
4 L 15 1214 1
4 D 74 675 1
4 D 74 724 1
4 D 74 1214 1
4 L 15 1561 1
4 D 74 1561 1
8 L 7 110 1
8 L 7 360 1
8 L 7 659 1
8 D 516 110 1
8 D 516 360 1
8 D 516 659 1
8 L 7 754 1
8 L 7 1863 1
8 D 516 754 1
8 D 516 1863 1
22 L 4 567 1
22 D 930 567 1
22 L 4 656 1
22 L 4 899 1
22 L 4 1240 1
22 D 930 656 1
22 D 930 899 1
22 D 930 1240 1
22 L 4 1476 1
22 L 4 1651 1
22 L 4 1891 1
22 D 930 1476 1
22 D 930 1651 1
22 D 930 1891 1
9 L 1 86 1
9 L 1 158 1
9 L 1 439 1
9 D 241 86 1
9 D 241 158 1
9 D 241 439 1
9 L 14 594 1
9 L 14 645 1
9 D 241 594 1
9 D 241 645 1
9 L 14 891 1
9 L 14 919 1
9 L 14 975 1
9 D 241 891 1
9 D 241 919 1
9 D 241 975 1
9 L 14 1020 1
9 L 14 1527 1
9 L 14 1590 1
9 D 241 1020 1
9 D 241 1527 1
9 D 241 1590 1
17 L 14 616 1
17 L 14 1147 1
17 L 14 1253 1
17 L 14 1278 1
17 D 319 616 1
17 D 319 1147 1
17 D 319 1253 1
17 D 319 1278 1
17 L 1 1632 1
17 L 1 1819 1
17 D 319 1632 1
17 D 319 1819 1
19 L 10 90 1
19 L 10 483 1
19 L 10 688 1
19 L 10 1024 1
19 D 834 90 1
19 D 834 483 1
19 D 834 688 1
19 D 834 1024 1
19 L 10 1788 1
19 L 10 1849 1
19 D 834 1788 1
19 D 834 1849 1
24 L 0 44 1
24 L 0 68 1
24 L 0 614 1
24 D 325 44 1
24 D 325 68 1
24 D 325 614 1
24 L 0 795 1
24 L 0 1631 1
24 D 325 795 1
24 D 325 1631 1
20 L 7 32 1
20 L 7 214 1
20 D 265 32 1
20 D 265 214 1
20 L 4 602 1
20 L 4 1120 1
20 D 265 602 1
20 D 265 1120 1
20 L 4 1569 1
20 L 4 1690 1
20 L 4 1952 1
20 D 265 1569 1
20 D 265 1690 1
20 D 265 1952 1
26 L 8 288 1
26 L 8 551 1
26 L 8 825 1
26 D 859 288 1
26 D 859 551 1
26 D 859 825 1
26 L 3 1610 1
26 L 3 1719 1
26 L 3 1853 1
26 D 859 1610 1
26 D 859 1719 1
26 D 859 1853 1
14 L 7 412 1
14 D 967 412 1
14 L 4 795 1
14 L 4 874 1
14 L 4 958 1
14 D 967 795 1
14 D 967 874 1
14 D 967 958 1
14 L 4 1358 1
14 D 967 1358 1
27 L 15 83 1
27 L 15 1064 1
27 D 474 83 1
27 D 474 1064 1
27 L 15 1989 1
27 D 474 1989 1
29 L 2 463 1
29 L 2 790 1
29 L 2 896 1
29 D 555 463 1
29 D 555 790 1
29 D 555 896 1
29 L 2 1045 1
29 D 555 1045 1
23 L 4 267 1
23 L 4 1447 1
23 D 546 267 1
23 D 546 1447 1
23 L 4 1572 1
23 D 546 1572 1
21 L 10 145 1
21 L 10 786 1
21 L 10 964 1
21 L 10 1238 1
21 L 10 1240 1
21 D 223 145 1
21 D 223 786 1
21 D 223 964 1
21 D 223 1238 1
21 D 223 1240 1
21 L 10 1283 1
21 L 10 1389 1
21 L 10 1832 1
21 D 223 1283 1
21 D 223 1389 1
21 D 223 1832 1
10 L 7 1715 1
10 L 7 1818 1
10 L 7 1851 1
10 D 982 1715 1
10 D 982 1818 1
10 D 982 1851 1
10 L 12 1938 1
10 D 982 1938 1
11 L 1 242 1
11 D 672 242 1
11 L 5 356 1
11 D 672 356 1
11 L 5 417 1
11 L 5 442 1
11 D 672 417 1
11 D 672 442 1
11 L 5 517 1
11 L 5 642 1
11 L 5 816 1
11 D 672 517 1
11 D 672 642 1
11 D 672 816 1
11 L 5 822 1
11 L 5 1028 1
11 L 5 1062 1
11 L 5 1086 1
11 L 5 1940 1
11 L 5 1977 1
11 D 672 822 1
11 D 672 1028 1
11 D 672 1062 1
11 D 672 1086 1
11 D 672 1940 1
11 D 672 1977 1
28 L 8 883 1
28 L 8 948 1
28 L 8 1200 1
28 D 439 883 1
28 D 439 948 1
28 D 439 1200 1
28 L 3 1383 1
28 D 439 1383 1
6 L 15 147 1
6 L 15 422 1
6 D 126 147 1
6 D 126 422 1
6 L 15 1368 1
6 L 15 1916 1
6 D 126 1368 1
6 D 126 1916 1
15 L 4 89 1
15 L 4 112 1
15 L 4 281 1
15 L 4 1936 1
15 D 693 89 1
15 D 693 112 1
15 D 693 281 1
15 D 693 1936 1
15 L 4 1956 1
15 D 693 1956 1
3 L 6 21 1
3 L 6 239 1
3 D 117 21 1
3 D 117 239 1
3 L 6 1305 1
3 D 117 1305 1
0 L 15 28 1
0 L 15 489 1
0 L 15 859 1
0 D 94 28 1
0 D 94 489 1
0 D 94 859 1
0 L 15 1604 1
0 L 15 1640 1
0 D 94 1604 1
0 D 94 1640 1
0 L 15 1736 1
0 D 94 1736 1
1 L 7 1433 1
1 L 7 1455 1
1 L 7 1529 1
1 L 7 1712 1
1 D 794 1433 1
1 D 794 1455 1
1 D 794 1529 1
1 D 794 1712 1
1 L 4 1916 1
1 D 794 1916 1
16 L 0 127 1
16 L 5 200 1
16 D 264 127 1
16 D 264 200 1
16 L 0 225 1
16 L 0 988 1
16 D 264 225 1
16 D 264 988 1
16 L 0 1025 1
16 L 0 1602 1
16 D 264 1025 1
16 D 264 1602 1
12 L 8 459 1
12 L 8 694 1
12 D 262 459 1
12 D 262 694 1
12 L 9 1243 1
12 D 262 1243 1
12 L 8 1510 1
12 L 8 1615 1
12 D 262 1510 1
12 D 262 1615 1
12 L 9 1747 1
12 D 262 1747 1
13 L 8 221 1
13 L 8 392 1
13 L 8 460 1
13 D 314 221 1
13 D 314 392 1
13 D 314 460 1
13 L 14 670 1
13 L 14 1830 1
13 D 314 670 1
13 D 314 1830 1
4 L 15 29 1
4 L 15 222 1
4 D 524 29 1
4 D 524 222 1
4 L 15 577 1
4 L 15 822 1
4 D 524 577 1
4 D 524 822 1
4 L 15 1012 1
4 D 524 1012 1
2 L 12 113 1
2 L 12 749 1
2 L 12 1034 1
2 L 12 1319 1
2 D 825 113 1
2 D 825 749 1
2 D 825 1034 1
2 D 825 1319 1
2 L 7 1455 1
2 L 7 1480 1
2 L 7 1550 1
2 L 7 1563 1
2 D 825 1455 1
2 D 825 1480 1
2 D 825 1550 1
2 D 825 1563 1
2 L 7 1569 1
2 L 13 1742 1
2 D 825 1569 1
2 D 825 1742 1
22 L 4 184 1
22 L 4 204 1
22 L 4 726 1
22 L 4 775 1
22 D 793 184 1
22 D 793 204 1
22 D 793 726 1
22 D 793 775 1
22 L 4 1164 1
22 L 4 1383 1
22 D 793 1164 1
22 D 793 1383 1
22 L 4 1554 1
22 L 4 1769 1
22 D 793 1554 1
22 D 793 1769 1
18 L 8 537 1
18 L 8 764 1
18 L 8 905 1
18 D 210 537 1
18 D 210 764 1
18 D 210 905 1
18 L 15 1523 1
18 L 15 1527 1
18 D 210 1523 1
18 D 210 1527 1
25 L 4 1344 1
25 D 40 1344 1
25 L 4 1964 1
25 D 40 1964 1
5 L 8 476 1
5 L 8 587 1
5 D 70 476 1
5 D 70 587 1
5 L 15 974 1
5 L 15 1108 1
5 D 70 974 1
5 D 70 1108 1
7 L 14 308 1
7 L 14 591 1
7 L 14 680 1
7 L 14 769 1
7 D 127 308 1
7 D 127 591 1
7 D 127 680 1
7 D 127 769 1
7 L 14 786 1
7 L 14 857 1
7 L 14 885 1
7 L 14 989 1
7 L 14 1488 1
7 D 127 786 1
7 D 127 857 1
7 D 127 885 1
7 D 127 989 1
7 D 127 1488 1
7 L 14 1537 1
7 L 14 1594 1
7 D 127 1537 1
7 D 127 1594 1
7 L 14 1820 1
7 D 127 1820 1
9 L 14 41 1
9 L 14 749 1
9 L 14 1117 1
9 D 459 41 1
9 D 459 749 1
9 D 459 1117 1
9 L 8 1198 1
9 L 8 1350 1
9 L 8 1651 1
9 D 459 1198 1
9 D 459 1350 1
9 D 459 1651 1
8 L 4 388 1
8 L 4 1157 1
8 D 324 388 1
8 D 324 1157 1
8 L 4 1415 1
8 L 4 1703 1
8 D 324 1415 1
8 D 324 1703 1
19 L 10 893 1
19 L 10 1049 1
19 D 924 893 1
19 D 924 1049 1
19 L 11 1233 1
19 D 924 1233 1
17 L 1 551 1
17 L 1 869 1
17 L 1 1145 1
17 D 643 551 1
17 D 643 869 1
17 D 643 1145 1
17 L 1 1184 1
17 L 1 1821 1
17 L 14 1878 1
17 D 643 1184 1
17 D 643 1821 1
17 D 643 1878 1
24 L 0 772 1
24 L 0 1200 1
24 L 0 1287 1
24 D 775 772 1
24 D 775 1200 1
24 D 775 1287 1
24 L 0 1677 1
24 D 775 1677 1
21 L 10 512 1
21 L 10 643 1
21 D 249 512 1
21 D 249 643 1
21 L 10 1556 1
21 D 249 1556 1
23 L 4 220 1
23 L 4 278 1
23 L 4 364 1
23 L 4 411 1
23 D 628 220 1
23 D 628 278 1
23 D 628 364 1
23 D 628 411 1
23 L 11 411 1
23 L 11 548 1
23 D 628 411 1
23 D 628 548 1
23 L 11 1451 1
23 L 11 1601 1
23 L 11 1825 1
23 D 628 1451 1
23 D 628 1601 1
23 D 628 1825 1
14 L 4 90 1
14 L 4 384 1
14 L 4 863 1
14 D 802 90 1
14 D 802 384 1
14 D 802 863 1
14 L 4 1536 1
14 D 802 1536 1
26 L 3 15 1
26 L 3 76 1
26 L 3 918 1
26 D 871 15 1
26 D 871 76 1
26 D 871 918 1
26 L 2 1291 1
26 L 2 1447 1
26 D 871 1291 1
26 D 871 1447 1
29 L 2 806 1
29 L 2 1455 1
29 D 711 806 1
29 D 711 1455 1
29 L 2 1962 1
29 D 711 1962 1
11 L 5 300 1
11 L 5 399 1
11 L 5 626 1
11 L 5 645 1
11 D 460 300 1
11 D 460 399 1
11 D 460 626 1
11 D 460 645 1
11 L 1 751 1
11 L 1 757 1
11 L 1 865 1
11 L 1 1000 1
11 D 460 751 1
11 D 460 757 1
11 D 460 865 1
11 D 460 1000 1
11 L 1 1229 1
11 L 1 1331 1
11 D 460 1229 1
11 D 460 1331 1
11 L 1 1542 1
11 D 460 1542 1
11 L 1 1559 1
11 L 1 1631 1
11 D 460 1559 1
11 D 460 1631 1
11 L 1 1920 1
11 D 460 1920 1
20 L 4 931 1
20 L 4 942 1
20 L 4 1056 1
20 L 4 1086 1
20 L 4 1207 1
20 L 4 1425 1
20 D 964 931 1
20 D 964 942 1
20 D 964 1056 1
20 D 964 1086 1
20 D 964 1207 1
20 D 964 1425 1
20 L 4 1559 1
20 L 4 1628 1
20 L 4 1715 1
20 L 4 1987 1
20 D 964 1559 1
20 D 964 1628 1
20 D 964 1715 1
20 D 964 1987 1
27 L 15 192 1
27 L 15 295 1
27 D 901 192 1
27 D 901 295 1
27 L 15 468 1
27 L 15 1101 1
27 L 15 1135 1
27 D 901 468 1
27 D 901 1101 1
27 D 901 1135 1
10 L 11 668 1
10 L 11 732 1
10 L 11 1056 1
10 L 11 1088 1
10 L 11 1835 1
10 D 952 668 1
10 D 952 732 1
10 D 952 1056 1
10 D 952 1088 1
10 D 952 1835 1
10 L 11 1945 1
10 L 11 1971 1
10 D 952 1945 1
10 D 952 1971 1
28 L 8 244 1
28 L 8 333 1
28 L 8 446 1
28 D 434 244 1
28 D 434 333 1
28 D 434 446 1
28 L 1 1550 1
28 L 1 1589 1
28 D 434 1550 1
28 D 434 1589 1
6 L 15 372 1
6 L 15 840 1
6 L 15 1462 1
6 L 15 1625 1
6 D 283 372 1
6 D 283 840 1
6 D 283 1462 1
6 D 283 1625 1
6 L 15 1807 1
6 D 283 1807 1
15 L 4 262 1
15 L 4 299 1
15 L 4 607 1
15 D 290 262 1
15 D 290 299 1
15 D 290 607 1
15 L 4 1571 1
15 L 4 1614 1
15 D 290 1571 1
15 D 290 1614 1
15 L 4 1828 1
15 D 290 1828 1
0 L 15 75 1
0 L 15 105 1
0 D 909 75 1
0 D 909 105 1
0 L 4 186 1
0 L 4 287 1
0 L 4 975 1
0 D 909 186 1
0 D 909 287 1
0 D 909 975 1
3 L 6 214 1
3 L 6 870 1
3 L 6 1234 1
3 D 795 214 1
3 D 795 870 1
3 D 795 1234 1
3 L 6 1250 1
3 L 6 1802 1
3 D 795 1250 1
3 D 795 1802 1
22 L 4 278 1
22 L 4 375 1
22 L 4 733 1
22 D 399 278 1
22 D 399 375 1
22 D 399 733 1
22 L 4 1034 1
22 L 4 1151 1
22 L 4 1276 1
22 D 399 1034 1
22 D 399 1151 1
22 D 399 1276 1
22 L 4 1316 1
22 L 4 1392 1
22 L 4 1400 1
22 L 4 1462 1
22 D 399 1316 1
22 D 399 1392 1
22 D 399 1400 1
22 D 399 1462 1
22 L 4 1476 1
22 L 4 1689 1
22 L 4 1854 1
22 D 399 1476 1
22 D 399 1689 1
22 D 399 1854 1
22 L 4 1858 1
22 L 4 1987 1
22 D 399 1858 1
22 D 399 1987 1
25 L 4 104 1
25 L 4 153 1
25 L 4 286 1
25 D 817 104 1
25 D 817 153 1
25 D 817 286 1
25 L 11 356 1
25 L 11 1009 1
25 D 817 356 1
25 D 817 1009 1
25 L 4 1097 1
25 L 4 1645 1
25 L 4 1988 1
25 D 817 1097 1
25 D 817 1645 1
25 D 817 1988 1
12 L 9 115 1
12 L 9 726 1
12 L 9 983 1
12 L 9 1455 1
12 D 333 115 1
12 D 333 726 1
12 D 333 983 1
12 D 333 1455 1
12 L 15 1913 1
12 D 333 1913 1
16 L 0 983 1
16 L 0 1473 1
16 D 485 983 1
16 D 485 1473 1
16 L 0 1691 1
16 L 0 1745 1
16 D 485 1691 1
16 D 485 1745 1
16 L 0 1854 1
16 L 0 1924 1
16 D 485 1854 1
16 D 485 1924 1
1 L 4 1201 1
1 L 4 1528 1
1 D 91 1201 1
1 D 91 1528 1
1 L 0 1803 1
1 D 91 1803 1
4 L 13 20 1
4 L 13 559 1
4 L 13 967 1
4 D 736 20 1
4 D 736 559 1
4 D 736 967 1
4 L 15 1829 1
4 D 736 1829 1
9 L 8 398 1
9 L 8 1457 1
9 D 659 398 1
9 D 659 1457 1
9 L 8 1902 1
9 D 659 1902 1
13 L 14 476 1
13 D 783 476 1
13 L 1 480 1
13 L 1 1021 1
13 L 5 1037 1
13 L 5 1502 1
13 D 783 480 1
13 D 783 1021 1
13 D 783 1037 1
13 D 783 1502 1
18 L 15 85 1
18 L 15 283 1
18 L 15 622 1
18 L 15 723 1
18 D 673 85 1
18 D 673 283 1
18 D 673 622 1
18 D 673 723 1
18 L 15 942 1
18 L 15 1751 1
18 L 15 1853 1
18 D 673 942 1
18 D 673 1751 1
18 D 673 1853 1
8 L 4 360 1
8 L 4 1027 1
8 D 119 360 1
8 D 119 1027 1
8 L 11 1043 1
8 L 11 1395 1
8 L 11 1580 1
8 D 119 1043 1
8 D 119 1395 1
8 D 119 1580 1
7 L 14 195 1
7 L 14 208 1
7 D 641 195 1
7 D 641 208 1
7 L 14 808 1
7 L 14 823 1
7 D 641 808 1
7 D 641 823 1
7 L 14 1588 1
7 L 14 1589 1
7 D 641 1588 1
7 D 641 1589 1
19 L 11 1357 1
19 D 107 1357 1
19 L 11 1704 1
19 D 107 1704 1
24 L 0 668 1
24 L 0 848 1
24 L 0 1050 1
24 L 0 1789 1
24 D 34 668 1
24 D 34 848 1
24 D 34 1050 1
24 D 34 1789 1
2 L 7 591 1
2 L 7 660 1
2 L 7 661 1
2 D 445 591 1
2 D 445 660 1
2 D 445 661 1
2 L 7 859 1
2 L 7 1097 1
2 L 13 1333 1
2 D 445 859 1
2 D 445 1097 1
2 D 445 1333 1
11 L 1 15 1
11 L 1 296 1
11 L 1 1238 1
11 D 148 15 1
11 D 148 296 1
11 D 148 1238 1
11 L 1 1589 1
11 L 1 1644 1
11 L 1 1962 1
11 D 148 1589 1
11 D 148 1644 1
11 D 148 1962 1
17 L 1 238 1
17 L 1 421 1
17 D 565 238 1
17 D 565 421 1
17 L 0 1545 1
17 L 0 1898 1
17 D 565 1545 1
17 D 565 1898 1
5 L 15 35 1
5 L 15 272 1
5 L 15 525 1
5 D 59 35 1
5 D 59 272 1
5 D 59 525 1
5 L 3 733 1
5 L 3 841 1
5 L 3 1084 1
5 D 59 733 1
5 D 59 841 1
5 D 59 1084 1
5 L 3 1361 1
5 L 3 1743 1
5 L 3 1782 1
5 D 59 1361 1
5 D 59 1743 1
5 D 59 1782 1
5 L 3 1903 1
5 D 59 1903 1
5 L 3 1938 1
5 D 59 1938 1
14 L 4 394 1
14 D 220 394 1
14 L 4 1209 1
14 L 4 1287 1
14 D 220 1209 1
14 D 220 1287 1
20 L 4 97 1
20 L 4 307 1
20 L 4 383 1
20 D 184 97 1
20 D 184 307 1
20 D 184 383 1
20 L 4 449 1
20 L 4 1005 1
20 L 4 1080 1
20 D 184 449 1
20 D 184 1005 1
20 D 184 1080 1
21 L 10 267 1
21 L 10 338 1
21 D 350 267 1
21 D 350 338 1
21 L 11 501 1
21 L 11 659 1
21 L 11 1173 1
21 L 11 1832 1
21 D 350 501 1
21 D 350 659 1
21 D 350 1173 1
21 D 350 1832 1
23 L 11 335 1
23 L 11 501 1
23 D 183 335 1
23 D 183 501 1
23 L 11 525 1
23 L 4 600 1
23 D 183 525 1
23 D 183 600 1
23 L 11 1824 1
23 D 183 1824 1
29 L 2 318 1
29 L 2 1020 1
29 L 2 1098 1
29 L 2 1211 1
29 D 563 318 1
29 D 563 1020 1
29 D 563 1098 1
29 D 563 1211 1
29 L 8 1234 1
29 L 8 1420 1
29 L 8 1651 1
29 D 563 1234 1
29 D 563 1420 1
29 D 563 1651 1
27 L 15 174 1
27 L 15 459 1
27 L 15 488 1
27 D 796 174 1
27 D 796 459 1
27 D 796 488 1
27 L 15 1052 1
27 L 15 1988 1
27 L 15 1997 1
27 D 796 1052 1
27 D 796 1988 1
27 D 796 1997 1
26 L 2 233 1
26 L 2 720 1
26 L 2 907 1
26 L 2 939 1
26 L 2 1025 1
26 L 2 1475 1
26 D 690 233 1
26 D 690 720 1
26 D 690 907 1
26 D 690 939 1
26 D 690 1025 1
26 D 690 1475 1
26 L 2 1588 1
26 D 690 1588 1
10 L 11 254 1
10 L 11 286 1
10 D 197 254 1
10 D 197 286 1
10 L 11 887 1
10 D 197 887 1
10 L 11 914 1
10 L 11 1154 1
10 L 11 1983 1
10 D 197 914 1
10 D 197 1154 1
10 D 197 1983 1
15 L 4 509 1
15 L 4 914 1
15 L 4 1098 1
15 D 976 509 1
15 D 976 914 1
15 D 976 1098 1
15 L 11 1903 1
15 D 976 1903 1
6 L 15 364 1
6 L 15 856 1
6 L 15 950 1
6 L 15 1163 1
6 L 15 1696 1
6 D 800 364 1
6 D 800 856 1
6 D 800 950 1
6 D 800 1163 1
6 D 800 1696 1
6 L 4 1798 1
6 L 4 1969 1
6 D 800 1798 1
6 D 800 1969 1
16 L 0 48 1
16 D 777 48 1
16 L 4 693 1
16 L 4 1002 1
16 L 4 1144 1
16 D 777 693 1
16 D 777 1002 1
16 D 777 1144 1
22 L 4 242 1
22 L 4 367 1
22 D 45 242 1
22 D 45 367 1
22 L 4 885 1
22 L 4 1029 1
22 L 4 1158 1
22 D 45 885 1
22 D 45 1029 1
22 D 45 1158 1
22 L 11 1615 1
22 D 45 1615 1
0 L 4 63 1
0 L 4 508 1
0 L 4 719 1
0 L 4 742 1
0 D 663 63 1
0 D 663 508 1
0 D 663 719 1
0 D 663 742 1
0 L 4 1402 1
0 D 663 1402 1
28 L 1 183 1
28 L 1 370 1
28 L 1 383 1
28 L 1 384 1
28 D 46 183 1
28 D 46 370 1
28 D 46 383 1
28 D 46 384 1
28 L 1 1191 1
28 L 1 1280 1
28 L 1 1342 1
28 D 46 1191 1
28 D 46 1280 1
28 D 46 1342 1
28 L 5 1450 1
28 L 5 1506 1
28 L 5 1646 1
28 D 46 1450 1
28 D 46 1506 1
28 D 46 1646 1
28 L 1 1988 1
28 D 46 1988 1
1 L 0 41 1
1 L 0 108 1
1 L 0 966 1
1 D 195 41 1
1 D 195 108 1
1 D 195 966 1
1 L 1 1453 1
1 D 195 1453 1
25 L 4 759 1
25 L 4 1341 1
25 L 4 1446 1
25 D 291 759 1
25 D 291 1341 1
25 D 291 1446 1
25 L 0 1482 1
25 L 0 1839 1
25 D 291 1482 1
25 D 291 1839 1
12 L 15 755 1
12 L 15 1097 1
12 D 285 755 1
12 D 285 1097 1
12 L 15 1536 1
12 D 285 1536 1
19 L 11 111 1
19 L 11 119 1
19 D 912 111 1
19 D 912 119 1
19 L 11 1120 1
19 L 11 1224 1
19 L 11 1414 1
19 D 912 1120 1
19 D 912 1224 1
19 D 912 1414 1
3 L 6 898 1
3 L 6 1423 1
3 L 6 1563 1
3 L 6 1722 1
3 D 219 898 1
3 D 219 1423 1
3 D 219 1563 1
3 D 219 1722 1
3 L 6 1770 1
3 L 14 1918 1
3 D 219 1770 1
3 D 219 1918 1
4 L 7 51 1
4 L 7 145 1
4 L 7 404 1
4 D 279 51 1
4 D 279 145 1
4 D 279 404 1
4 L 7 733 1
4 L 7 1054 1
4 L 7 1147 1
4 D 279 733 1
4 D 279 1054 1
4 D 279 1147 1
4 L 7 1173 1
4 L 7 1611 1
4 L 7 1867 1
4 L 7 1994 1
4 D 279 1173 1
4 D 279 1611 1
4 D 279 1867 1
4 D 279 1994 1
7 L 14 89 1
7 L 14 400 1
7 L 14 631 1
7 L 14 1039 1
7 L 14 1289 1
7 D 292 89 1
7 D 292 400 1
7 D 292 631 1
7 D 292 1039 1
7 D 292 1289 1
7 L 1 1413 1
7 D 292 1413 1
2 L 7 272 1
2 L 7 288 1
2 D 538 272 1
2 D 538 288 1
2 L 7 1275 1
2 D 538 1275 1
2 L 4 1510 1
2 L 4 1833 1
2 D 538 1510 1
2 D 538 1833 1
11 L 0 25 1
11 L 0 523 1
11 L 0 795 1
11 D 395 25 1
11 D 395 523 1
11 D 395 795 1
11 L 0 1260 1
11 D 395 1260 1
13 L 1 252 1
13 L 1 270 1
13 L 1 335 1
13 D 146 252 1
13 D 146 270 1
13 D 146 335 1
13 L 0 764 1
13 D 146 764 1
8 L 11 325 1
8 L 11 801 1
8 L 11 1019 1
8 L 11 1286 1
8 D 3 325 1
8 D 3 801 1
8 D 3 1019 1
8 D 3 1286 1
8 L 4 1559 1
8 L 4 1618 1
8 D 3 1559 1
8 D 3 1618 1
8 L 11 1889 1
8 D 3 1889 1
24 L 10 296 1
24 L 10 560 1
24 D 778 296 1
24 D 778 560 1
24 L 10 862 1
24 L 10 1087 1
24 D 778 862 1
24 D 778 1087 1
24 L 10 1285 1
24 L 10 1395 1
24 D 778 1285 1
24 D 778 1395 1
17 L 0 216 1
17 L 0 684 1
17 L 0 862 1
17 D 508 216 1
17 D 508 684 1
17 D 508 862 1
17 L 0 1091 1
17 L 0 1162 1
17 D 508 1091 1
17 D 508 1162 1
17 L 0 1262 1
17 L 0 1435 1
17 D 508 1262 1
17 D 508 1435 1
17 L 0 1631 1
17 L 0 1828 1
17 D 508 1631 1
17 D 508 1828 1
9 L 8 290 1
9 L 8 441 1
9 L 8 488 1
9 L 8 607 1
9 L 8 1086 1
9 D 29 290 1
9 D 29 441 1
9 D 29 488 1
9 D 29 607 1
9 D 29 1086 1
9 L 8 1290 1
9 L 8 1372 1
9 L 8 1475 1
9 D 29 1290 1
9 D 29 1372 1
9 D 29 1475 1
9 L 8 1702 1
9 D 29 1702 1
18 L 4 659 1
18 L 4 820 1
18 L 4 1052 1
18 D 935 659 1
18 D 935 820 1
18 D 935 1052 1
18 L 0 1547 1
18 D 935 1547 1
23 L 11 520 1
23 L 11 594 1
23 L 11 696 1
23 D 913 520 1
23 D 913 594 1
23 D 913 696 1
23 L 11 1042 1
23 D 913 1042 1
14 L 4 688 1
14 L 4 861 1
14 L 4 901 1
14 L 4 1554 1
14 D 623 688 1
14 D 623 861 1
14 D 623 901 1
14 D 623 1554 1
14 L 0 1976 1
14 D 623 1976 1
5 L 3 481 1
5 L 3 642 1
5 D 500 481 1
5 D 500 642 1
5 L 15 1097 1
5 L 15 1217 1
5 D 500 1097 1
5 D 500 1217 1
5 L 15 1227 1
5 L 15 1759 1
5 L 15 1883 1
5 L 15 1919 1
5 D 500 1227 1
5 D 500 1759 1
5 D 500 1883 1
5 D 500 1919 1
20 L 4 688 1
20 L 4 741 1
20 L 4 1073 1
20 L 4 1078 1
20 D 257 688 1
20 D 257 741 1
20 D 257 1073 1
20 D 257 1078 1
20 L 4 1267 1
20 L 4 1555 1
20 D 257 1267 1
20 D 257 1555 1
20 L 7 1632 1
20 D 257 1632 1
21 L 11 30 1
21 L 11 58 1
21 D 442 30 1
21 D 442 58 1
21 L 10 1227 1
21 L 10 1897 1
21 D 442 1227 1
21 D 442 1897 1
10 L 11 10 1
10 L 11 118 1
10 D 698 10 1
10 D 698 118 1
10 L 4 419 1
10 L 11 743 1
10 L 11 1560 1
10 D 698 419 1
10 D 698 743 1
10 D 698 1560 1
16 L 4 465 1
16 L 4 879 1
16 D 468 465 1
16 D 468 879 1
16 L 0 1363 1
16 L 0 1905 1
16 D 468 1363 1
16 D 468 1905 1
15 L 12 353 1
15 L 12 628 1
15 D 534 353 1
15 D 534 628 1
15 L 11 1135 1
15 L 11 1658 1
15 L 11 1910 1
15 D 534 1135 1
15 D 534 1658 1
15 D 534 1910 1
27 L 3 51 1
27 L 3 59 1
27 L 3 71 1
27 D 652 51 1
27 D 652 59 1
27 D 652 71 1
27 L 9 239 1
27 L 9 1475 1
27 D 652 239 1
27 D 652 1475 1
27 L 8 1986 1
27 D 652 1986 1
22 L 4 507 1
22 L 4 720 1
22 L 4 1053 1
22 D 752 507 1
22 D 752 720 1
22 D 752 1053 1
22 L 0 1054 1
22 D 752 1054 1
29 L 8 1 1
29 L 8 362 1
29 D 658 1 1
29 D 658 362 1
29 L 15 1713 1
29 D 658 1713 1
25 L 0 139 1
25 L 0 1113 1
25 L 0 1142 1
25 L 0 1241 1
25 D 109 139 1
25 D 109 1113 1
25 D 109 1142 1
25 D 109 1241 1
25 L 0 1451 1
25 L 0 1943 1
25 D 109 1451 1
25 D 109 1943 1
26 L 8 1041 1
26 L 8 1289 1
26 L 8 1513 1
26 D 898 1041 1
26 D 898 1289 1
26 D 898 1513 1
26 L 8 1540 1
26 L 8 1881 1
26 D 898 1540 1
26 D 898 1881 1
1 L 0 111 1
1 L 0 529 1
1 L 0 541 1
1 D 815 111 1
1 D 815 529 1
1 D 815 541 1
1 L 4 1097 1
1 L 4 1188 1
1 L 4 1554 1
1 D 815 1097 1
1 D 815 1188 1
1 D 815 1554 1
6 L 4 748 1
6 L 4 1062 1
6 L 4 1579 1
6 D 932 748 1
6 D 932 1062 1
6 D 932 1579 1
6 L 0 1627 1
6 L 0 1703 1
6 D 932 1627 1
6 D 932 1703 1
28 L 1 320 1
28 L 1 371 1
28 L 1 591 1
28 D 721 320 1
28 D 721 371 1
28 D 721 591 1
28 L 0 643 1
28 L 0 882 1
28 L 0 1025 1
28 D 721 643 1
28 D 721 882 1
28 D 721 1025 1
0 L 4 108 1
0 L 4 662 1
0 L 4 787 1
0 D 347 108 1
0 D 347 662 1
0 D 347 787 1
0 L 4 1405 1
0 L 4 1441 1
0 L 4 1448 1
0 D 347 1405 1
0 D 347 1441 1
0 D 347 1448 1
19 L 11 343 1
19 L 11 1054 1
19 L 11 1181 1
19 D 159 343 1
19 D 159 1054 1
19 D 159 1181 1
19 L 0 1644 1
19 L 0 1886 1
19 D 159 1644 1
19 D 159 1886 1
12 L 15 81 1
12 L 15 193 1
12 L 15 299 1
12 L 15 783 1
12 D 875 81 1
12 D 875 193 1
12 D 875 299 1
12 D 875 783 1
12 L 15 1677 1
12 L 15 1974 1
12 D 875 1677 1
12 D 875 1974 1
4 L 7 5 1
4 L 7 105 1
4 L 7 398 1
4 L 7 967 1
4 L 7 1021 1
4 D 977 5 1
4 D 977 105 1
4 D 977 398 1
4 D 977 967 1
4 D 977 1021 1
4 L 7 1488 1
4 L 7 1569 1
4 D 977 1488 1
4 D 977 1569 1
4 L 7 1683 1
4 L 7 1746 1
4 D 977 1683 1
4 D 977 1746 1
7 L 1 299 1
7 L 1 312 1
7 L 1 911 1
7 D 713 299 1
7 D 713 312 1
7 D 713 911 1
7 L 0 1043 1
7 L 0 1045 1
7 D 713 1043 1
7 D 713 1045 1
7 L 0 1196 1
7 L 0 1533 1
7 D 713 1196 1
7 D 713 1533 1
7 L 0 1634 1
7 L 0 1640 1
7 D 713 1634 1
7 D 713 1640 1
2 L 7 157 1
2 L 7 342 1
2 L 7 777 1
2 L 7 1502 1
2 L 7 1592 1
2 D 513 157 1
2 D 513 342 1
2 D 513 777 1
2 D 513 1502 1
2 D 513 1592 1
2 L 3 1596 1
2 L 3 1611 1
2 L 3 1981 1
2 D 513 1596 1
2 D 513 1611 1
2 D 513 1981 1
13 L 0 324 1
13 L 0 719 1
13 L 0 1312 1
13 D 227 324 1
13 D 227 719 1
13 D 227 1312 1
13 L 0 1662 1
13 L 0 1715 1
13 D 227 1662 1
13 D 227 1715 1
3 L 6 195 1
3 L 6 570 1
3 D 405 195 1
3 D 405 570 1
3 L 5 733 1
3 D 405 733 1
3 L 1 1470 1
3 L 1 1661 1
3 D 405 1470 1
3 D 405 1661 1
3 L 5 1753 1
3 L 5 1989 1
3 D 405 1753 1
3 D 405 1989 1
23 L 11 80 1
23 L 11 130 1
23 D 203 80 1
23 D 203 130 1
23 L 11 460 1
23 L 11 854 1
23 D 203 460 1
23 D 203 854 1
23 L 11 1599 1
23 D 203 1599 1
17 L 0 161 1
17 L 0 278 1
17 L 0 297 1
17 D 951 161 1
17 D 951 278 1
17 D 951 297 1
17 L 0 501 1
17 L 0 713 1
17 D 951 501 1
17 D 951 713 1
17 L 0 1040 1
17 L 0 1131 1
17 L 0 1490 1
17 D 951 1040 1
17 D 951 1131 1
17 D 951 1490 1
17 L 0 1613 1
17 D 951 1613 1
8 L 4 93 1
8 L 4 241 1
8 L 4 392 1
8 D 872 93 1
8 D 872 241 1
8 D 872 392 1
8 L 4 498 1
8 L 4 598 1
8 L 4 794 1
8 D 872 498 1
8 D 872 598 1
8 D 872 794 1
8 L 4 829 1
8 D 872 829 1
8 L 4 1145 1
8 D 872 1145 1
8 L 4 1199 1
8 L 7 1255 1
8 D 872 1199 1
8 D 872 1255 1
8 L 4 1547 1
8 L 4 1948 1
8 D 872 1547 1
8 D 872 1948 1
11 L 0 775 1
11 L 0 965 1
11 D 327 775 1
11 D 327 965 1
11 L 0 984 1
11 L 0 1285 1
11 L 0 1818 1
11 L 0 1835 1
11 D 327 984 1
11 D 327 1285 1
11 D 327 1818 1
11 D 327 1835 1
11 L 0 1986 1
11 D 327 1986 1
24 L 10 695 1
24 L 10 774 1
24 D 598 695 1
24 D 598 774 1
24 L 11 798 1
24 L 11 835 1
24 L 11 1723 1
24 D 598 798 1
24 D 598 835 1
24 D 598 1723 1
5 L 15 114 1
5 L 15 119 1
5 L 15 399 1
5 L 15 720 1
5 D 987 114 1
5 D 987 119 1
5 D 987 399 1
5 D 987 720 1
5 L 15 1489 1
5 L 3 1688 1
5 D 987 1489 1
5 D 987 1688 1
18 L 0 296 1
18 L 0 304 1
18 L 0 379 1
18 L 0 433 1
18 D 885 296 1
18 D 885 304 1
18 D 885 379 1
18 D 885 433 1
18 L 4 916 1
18 D 885 916 1
18 L 4 1137 1
18 D 885 1137 1
18 L 4 1180 1
18 D 885 1180 1
9 L 8 164 1
9 L 8 491 1
9 L 8 730 1
9 D 54 164 1
9 D 54 491 1
9 D 54 730 1
9 L 8 1013 1
9 L 15 1203 1
9 D 54 1013 1
9 D 54 1203 1
14 L 0 734 1
14 L 0 1297 1
14 D 403 734 1
14 D 403 1297 1
14 L 0 1452 1
14 L 5 1811 1
14 D 403 1452 1
14 D 403 1811 1
10 L 4 388 1
10 D 671 388 1
10 L 4 469 1
10 L 4 1104 1
10 D 671 469 1
10 D 671 1104 1
10 L 4 1453 1
10 L 4 1567 1
10 L 4 1651 1
10 D 671 1453 1
10 D 671 1567 1
10 D 671 1651 1
20 L 4 890 1
20 L 4 1617 1
20 L 4 1658 1
20 D 750 890 1
20 D 750 1617 1
20 D 750 1658 1
20 L 0 1880 1
20 D 750 1880 1
16 L 4 393 1
16 L 4 531 1
16 D 746 393 1
16 D 746 531 1
16 L 4 727 1
16 L 4 795 1
16 D 746 727 1
16 D 746 795 1
16 L 4 1012 1
16 L 11 1140 1
16 D 746 1012 1
16 D 746 1140 1
16 L 4 1464 1
16 L 4 1489 1
16 D 746 1464 1
16 D 746 1489 1
16 L 4 1622 1
16 L 4 1741 1
16 D 746 1622 1
16 D 746 1741 1
16 L 4 1782 1
16 L 4 1843 1
16 L 4 1868 1
16 L 4 1914 1
16 D 746 1782 1
16 D 746 1843 1
16 D 746 1868 1
16 D 746 1914 1
21 L 10 23 1
21 L 10 473 1
21 D 687 23 1
21 D 687 473 1
21 L 11 1407 1
21 D 687 1407 1
22 L 0 78 1
22 L 0 211 1
22 L 0 238 1
22 L 0 300 1
22 D 384 78 1
22 D 384 211 1
22 D 384 238 1
22 D 384 300 1
22 L 5 656 1
22 L 5 694 1
22 L 5 779 1
22 D 384 656 1
22 D 384 694 1
22 D 384 779 1
22 L 0 1324 1
22 L 0 1434 1
22 L 0 1513 1
22 D 384 1324 1
22 D 384 1434 1
22 D 384 1513 1
22 L 5 1637 1
22 D 384 1637 1
22 L 5 1685 1
22 D 384 1685 1
22 L 5 1737 1
22 D 384 1737 1
22 L 5 1794 1
22 L 5 1958 1
22 D 384 1794 1
22 D 384 1958 1
15 L 11 96 1
15 L 11 478 1
15 L 11 837 1
15 D 579 96 1
15 D 579 478 1
15 D 579 837 1
15 L 4 845 1
15 D 579 845 1
25 L 0 691 1
25 L 0 1173 1
25 L 0 1841 1
25 D 447 691 1
25 D 447 1173 1
25 D 447 1841 1
25 L 1 1897 1
25 D 447 1897 1
27 L 8 10 1
27 L 8 312 1
27 D 158 10 1
27 D 158 312 1
27 L 8 382 1
27 L 8 711 1
27 D 158 382 1
27 D 158 711 1
27 L 8 834 1
27 L 8 896 1
27 L 8 931 1
27 D 158 834 1
27 D 158 896 1
27 D 158 931 1
27 L 9 944 1
27 L 3 1202 1
27 L 8 1311 1
27 L 8 1499 1
27 D 158 944 1
27 D 158 1202 1
27 D 158 1311 1
27 D 158 1499 1
27 L 8 1544 1
27 L 8 1638 1
27 L 8 1807 1
27 L 8 1985 1
27 D 158 1544 1
27 D 158 1638 1
27 D 158 1807 1
27 D 158 1985 1
28 L 0 713 1
28 L 0 984 1
28 D 620 713 1
28 D 620 984 1
28 L 1 1164 1
28 L 0 1977 1
28 D 620 1164 1
28 D 620 1977 1
6 L 4 235 1
6 L 4 252 1
6 L 4 284 1
6 L 4 512 1
6 D 852 235 1
6 D 852 252 1
6 D 852 284 1
6 D 852 512 1
6 L 4 549 1
6 L 4 890 1
6 D 852 549 1
6 D 852 890 1
6 L 4 920 1
6 L 4 1002 1
6 L 4 1115 1
6 L 4 1327 1
6 L 4 1347 1
6 L 4 1423 1
6 D 852 920 1
6 D 852 1002 1
6 D 852 1115 1
6 D 852 1327 1
6 D 852 1347 1
6 D 852 1423 1
6 L 4 1836 1
6 D 852 1836 1
29 L 15 362 1
29 L 15 461 1
29 D 865 362 1
29 D 865 461 1
29 L 15 572 1
29 L 15 898 1
29 L 15 944 1
29 D 865 572 1
29 D 865 898 1
29 D 865 944 1
29 L 3 956 1
29 L 3 967 1
29 L 3 1265 1
29 L 3 1327 1
29 D 865 956 1
29 D 865 967 1
29 D 865 1265 1
29 D 865 1327 1
29 L 3 1329 1
29 L 3 1506 1
29 D 865 1329 1
29 D 865 1506 1
29 L 3 1538 1
29 L 3 1857 1
29 L 3 1955 1
29 L 3 1956 1
29 D 865 1538 1
29 D 865 1857 1
29 D 865 1955 1
29 D 865 1956 1
29 L 3 1988 1
29 D 865 1988 1
1 L 4 480 1
1 L 4 542 1
1 D 759 480 1
1 D 759 542 1
1 L 4 1274 1
1 D 759 1274 1
0 L 4 727 1
0 L 4 927 1
0 L 4 1091 1
0 D 636 727 1
0 D 636 927 1
0 D 636 1091 1
0 L 4 1484 1
0 L 11 1538 1
0 L 11 1608 1
0 D 636 1484 1
0 D 636 1538 1
0 D 636 1608 1
0 L 4 1843 1
0 L 4 1885 1
0 D 636 1843 1
0 D 636 1885 1
26 L 8 49 1
26 L 8 114 1
26 D 540 49 1
26 D 540 114 1
26 L 15 338 1
26 D 540 338 1
2 L 15 477 1
2 L 15 1018 1
2 L 15 1118 1
2 D 833 477 1
2 D 833 1018 1
2 D 833 1118 1
2 L 15 1316 1
2 L 15 1324 1
2 L 15 1440 1
2 L 15 1983 1
2 D 833 1316 1
2 D 833 1324 1
2 D 833 1440 1
2 D 833 1983 1
4 L 7 624 1
4 L 7 717 1
4 D 842 624 1
4 D 842 717 1
4 L 7 1005 1
4 L 7 1045 1
4 D 842 1005 1
4 D 842 1045 1
4 L 7 1266 1
4 L 7 1345 1
4 L 7 1553 1
4 L 7 1659 1
4 D 842 1266 1
4 D 842 1345 1
4 D 842 1553 1
4 D 842 1659 1
4 L 7 1757 1
4 D 842 1757 1
13 L 0 305 1
13 L 0 1321 1
13 D 906 305 1
13 D 906 1321 1
13 L 0 1492 1
13 D 906 1492 1
17 L 1 232 1
17 L 1 283 1
17 L 1 443 1
17 D 155 232 1
17 D 155 283 1
17 D 155 443 1
17 L 1 474 1
17 L 1 1078 1
17 D 155 474 1
17 D 155 1078 1
17 L 1 1255 1
17 L 1 1342 1
17 L 1 1348 1
17 D 155 1255 1
17 D 155 1342 1
17 D 155 1348 1
17 L 1 1464 1
17 L 1 1468 1
17 D 155 1464 1
17 D 155 1468 1
8 L 4 26 1
8 L 4 153 1
8 L 4 487 1
8 D 785 26 1
8 D 785 153 1
8 D 785 487 1
8 L 4 756 1
8 L 4 1023 1
8 D 785 756 1
8 D 785 1023 1
8 L 4 1141 1
8 L 4 1937 1
8 D 785 1141 1
8 D 785 1937 1
19 L 0 786 1
19 L 0 994 1
19 L 0 1197 1
19 D 942 786 1
19 D 942 994 1
19 D 942 1197 1
19 L 1 1349 1
19 L 1 1491 1
19 L 1 1501 1
19 D 942 1349 1
19 D 942 1491 1
19 D 942 1501 1
7 L 5 600 1
7 L 5 668 1
7 L 5 1002 1
7 D 389 600 1
7 D 389 668 1
7 D 389 1002 1
7 L 4 1370 1
7 D 389 1370 1
12 L 15 616 1
12 L 15 764 1
12 D 868 616 1
12 D 868 764 1
12 L 15 941 1
12 L 15 1019 1
12 D 868 941 1
12 D 868 1019 1
12 L 15 1251 1
12 L 15 1358 1
12 L 15 1476 1
12 D 868 1251 1
12 D 868 1358 1
12 D 868 1476 1
11 L 1 657 1
11 L 1 696 1
11 L 1 1291 1
11 L 1 1482 1
11 D 843 657 1
11 D 843 696 1
11 D 843 1291 1
11 D 843 1482 1
11 L 4 1868 1
11 D 843 1868 1
3 L 5 53 1
3 L 5 306 1
3 L 0 385 1
3 L 0 438 1
3 D 914 53 1
3 D 914 306 1
3 D 914 385 1
3 D 914 438 1
3 L 0 786 1
3 L 0 878 1
3 L 0 920 1
3 D 914 786 1
3 D 914 878 1
3 D 914 920 1
3 L 0 1005 1
3 L 0 1005 1
3 L 0 1359 1
3 D 914 1005 2
3 D 914 1359 1
3 L 0 1453 1
3 L 0 1598 1
3 L 0 1602 1
3 D 914 1453 1
3 D 914 1598 1
3 D 914 1602 1
3 L 0 1604 1
3 L 0 1607 1
3 L 0 1904 1
3 D 914 1604 1
3 D 914 1607 1
3 D 914 1904 1
23 L 11 192 1
23 L 11 334 1
23 L 11 875 1
23 D 338 192 1
23 D 338 334 1
23 D 338 875 1
23 L 11 982 1
23 L 11 1088 1
23 D 338 982 1
23 D 338 1088 1
23 L 4 1259 1
23 L 4 1280 1
23 D 338 1259 1
23 D 338 1280 1
23 L 11 1317 1
23 L 11 1402 1
23 D 338 1317 1
23 D 338 1402 1
23 L 11 1482 1
23 L 11 1487 1
23 L 11 1549 1
23 D 338 1482 1
23 D 338 1487 1
23 D 338 1549 1
23 L 11 1958 1
23 D 338 1958 1
24 L 11 163 1
24 L 11 526 1
24 D 685 163 1
24 D 685 526 1
24 L 4 1243 1
24 L 4 1526 1
24 L 4 1696 1
24 D 685 1243 1
24 D 685 1526 1
24 D 685 1696 1
24 L 4 1780 1
24 D 685 1780 1
5 L 15 701 1
5 L 15 1215 1
5 L 15 1556 1
5 D 790 701 1
5 D 790 1215 1
5 D 790 1556 1
5 L 4 1607 1
5 L 4 1833 1
5 D 790 1607 1
5 D 790 1833 1
10 L 7 439 1
10 L 7 446 1
10 L 7 534 1
10 L 7 876 1
10 D 280 439 1
10 D 280 446 1
10 D 280 534 1
10 D 280 876 1
10 L 4 1024 1
10 L 4 1279 1
10 L 4 1309 1
10 L 4 1441 1
10 D 280 1024 1
10 D 280 1279 1
10 D 280 1309 1
10 D 280 1441 1
10 L 4 1484 1
10 L 4 1488 1
10 L 4 1554 1
10 L 4 1888 1
10 D 280 1484 1
10 D 280 1488 1
10 D 280 1554 1
10 D 280 1888 1
10 L 4 1898 1
10 D 280 1898 1
18 L 4 139 1
18 L 4 216 1
18 L 4 427 1
18 D 747 139 1
18 D 747 216 1
18 D 747 427 1
18 L 11 428 1
18 L 11 1444 1
18 D 747 428 1
18 D 747 1444 1
18 L 4 1867 1
18 D 747 1867 1
9 L 8 957 1
9 L 8 1393 1
9 D 564 957 1
9 D 564 1393 1
9 L 8 1911 1
9 D 564 1911 1
20 L 4 136 1
20 L 4 145 1
20 L 4 168 1
20 L 4 328 1
20 L 4 444 1
20 D 503 136 1
20 D 503 145 1
20 D 503 168 1
20 D 503 328 1
20 D 503 444 1
20 L 4 597 1
20 L 4 694 1
20 L 4 783 1
20 D 503 597 1
20 D 503 694 1
20 D 503 783 1
20 L 4 941 1
20 D 503 941 1
20 L 4 1310 1
20 L 4 1661 1
20 D 503 1310 1
20 D 503 1661 1
14 L 0 421 1
14 L 0 466 1
14 L 0 1380 1
14 D 214 421 1
14 D 214 466 1
14 D 214 1380 1
14 L 5 1803 1
14 D 214 1803 1
27 L 8 49 1
27 D 170 49 1
27 L 9 66 1
27 L 9 270 1
27 D 170 66 1
27 D 170 270 1
27 L 9 367 1
27 L 9 537 1
27 L 9 629 1
27 D 170 367 1
27 D 170 537 1
27 D 170 629 1
27 L 9 1097 1
27 L 3 1111 1
27 L 3 1457 1
27 L 3 1783 1
27 D 170 1097 1
27 D 170 1111 1
27 D 170 1457 1
27 D 170 1783 1
27 L 9 1991 1
27 D 170 1991 1
16 L 4 533 1
16 L 4 560 1
16 D 541 533 1
16 D 541 560 1
16 L 7 563 1
16 L 7 1173 1
16 D 541 563 1
16 D 541 1173 1
16 L 7 1259 1
16 L 7 1988 1
16 D 541 1259 1
16 D 541 1988 1
15 L 4 411 1
15 L 4 414 1
15 L 4 765 1
15 L 4 778 1
15 D 706 411 1
15 D 706 414 1
15 D 706 765 1
15 D 706 778 1
15 L 4 1361 1
15 L 4 1833 1
15 L 4 1849 1
15 D 706 1361 1
15 D 706 1833 1
15 D 706 1849 1
22 L 5 158 1
22 L 5 182 1
22 L 5 193 1
22 L 5 221 1
22 D 864 158 1
22 D 864 182 1
22 D 864 193 1
22 D 864 221 1
22 L 0 492 1
22 L 0 513 1
22 L 0 688 1
22 D 864 492 1
22 D 864 513 1
22 D 864 688 1
22 L 0 773 1
22 L 0 1002 1
22 L 5 1194 1
22 D 864 773 1
22 D 864 1002 1
22 D 864 1194 1
22 L 0 1211 1
22 L 1 1356 1
22 D 864 1211 1
22 D 864 1356 1
22 L 0 1436 1
22 D 864 1436 1
22 L 0 1690 1
22 L 0 1973 1
22 D 864 1690 1
22 D 864 1973 1
21 L 4 215 1
21 L 4 330 1
21 L 4 361 1
21 D 65 215 1
21 D 65 330 1
21 D 65 361 1
21 L 11 419 1
21 L 11 580 1
21 L 11 637 1
21 D 65 419 1
21 D 65 580 1
21 D 65 637 1
21 L 11 782 1
21 D 65 782 1
21 L 11 902 1
21 L 4 1259 1
21 D 65 902 1
21 D 65 1259 1
21 L 11 1514 1
21 L 11 1665 1
21 L 11 1790 1
21 D 65 1514 1
21 D 65 1665 1
21 D 65 1790 1
21 L 11 1952 1
21 D 65 1952 1
25 L 1 105 1
25 L 1 223 1
25 L 1 1532 1
25 D 939 105 1
25 D 939 223 1
25 D 939 1532 1
25 L 15 1828 1
25 D 939 1828 1
28 L 1 114 1
28 L 1 388 1
28 D 199 114 1
28 D 199 388 1
28 L 14 420 1
28 L 14 710 1
28 D 199 420 1
28 D 199 710 1
28 L 14 782 1
28 L 14 1183 1
28 D 199 782 1
28 D 199 1183 1
28 L 14 1307 1
28 L 6 1424 1
28 D 199 1307 1
28 D 199 1424 1
28 L 14 1482 1
28 L 14 1547 1
28 L 14 1595 1
28 L 14 1996 1
28 D 199 1482 1
28 D 199 1547 1
28 D 199 1595 1
28 D 199 1996 1
29 L 3 277 1
29 L 3 384 1
29 L 3 392 1
29 D 164 277 1
29 D 164 384 1
29 D 164 392 1
29 L 9 534 1
29 L 9 841 1
29 D 164 534 1
29 D 164 841 1
29 L 9 922 1
29 D 164 922 1
29 L 9 1292 1
29 L 9 1309 1
29 L 9 1489 1
29 D 164 1292 1
29 D 164 1309 1
29 D 164 1489 1
29 L 9 1764 1
29 D 164 1764 1
6 L 4 905 1
6 L 4 1264 1
6 L 4 1303 1
6 D 718 905 1
6 D 718 1264 1
6 D 718 1303 1
6 L 4 1482 1
6 D 718 1482 1
1 L 11 853 1
1 L 11 861 1
1 L 11 882 1
1 D 653 853 1
1 D 653 861 1
1 D 653 882 1
1 L 11 1093 1
1 L 11 1482 1
1 D 653 1093 1
1 D 653 1482 1
4 L 7 90 1
4 L 7 401 1
4 D 90 90 1
4 D 90 401 1
4 L 7 1555 1
4 L 7 1622 1
4 D 90 1555 1
4 D 90 1622 1
4 L 7 1759 1
4 L 7 1830 1
4 D 90 1759 1
4 D 90 1830 1
2 L 15 107 1
2 L 15 429 1
2 D 252 107 1
2 D 252 429 1
2 L 15 1468 1
2 D 252 1468 1
2 L 15 1599 1
2 D 252 1599 1
8 L 11 254 1
8 L 11 382 1
8 L 11 573 1
8 D 320 254 1
8 D 320 382 1
8 D 320 573 1
8 L 12 597 1
8 L 7 901 1
8 L 7 1167 1
8 L 7 1303 1
8 D 320 597 1
8 D 320 901 1
8 D 320 1167 1
8 D 320 1303 1
17 L 1 62 1
17 L 1 237 1
17 L 1 758 1
17 L 1 867 1
17 D 757 62 1
17 D 757 237 1
17 D 757 758 1
17 D 757 867 1
17 L 14 1600 1
17 L 14 1722 1
17 D 757 1600 1
17 D 757 1722 1
0 L 4 220 1
0 L 4 936 1
0 L 4 1549 1
0 D 642 220 1
0 D 642 936 1
0 D 642 1549 1
0 L 15 1590 1
0 L 15 1875 1
0 D 642 1590 1
0 D 642 1875 1
7 L 4 56 1
7 L 4 348 1
7 L 4 1139 1
7 D 645 56 1
7 D 645 348 1
7 D 645 1139 1
7 L 7 1598 1
7 L 7 1810 1
7 D 645 1598 1
7 D 645 1810 1
26 L 3 330 1
26 L 3 834 1
26 L 3 1147 1
26 D 444 330 1
26 D 444 834 1
26 D 444 1147 1
26 L 15 1148 1
26 D 444 1148 1
26 L 15 1436 1
26 L 15 1593 1
26 D 444 1436 1
26 D 444 1593 1
13 L 4 220 1
13 L 4 437 1
13 L 4 1084 1
13 D 340 220 1
13 D 340 437 1
13 D 340 1084 1
13 L 4 1447 1
13 L 4 1457 1
13 L 4 1649 1
13 D 340 1447 1
13 D 340 1457 1
13 D 340 1649 1
13 L 4 1804 1
13 D 340 1804 1
13 L 4 1871 1
13 D 340 1871 1
3 L 0 49 1
3 D 64 49 1
3 L 5 1257 1
3 L 5 1265 1
3 D 64 1257 1
3 D 64 1265 1
3 L 0 1482 1
3 L 0 1580 1
3 D 64 1482 1
3 D 64 1580 1
12 L 15 613 1
12 L 15 756 1
12 D 256 613 1
12 D 256 756 1
12 L 15 1209 1
12 D 256 1209 1
12 L 3 1631 1
12 D 256 1631 1
19 L 1 639 1
19 L 1 1008 1
19 L 1 1087 1
19 D 734 639 1
19 D 734 1008 1
19 D 734 1087 1
19 L 4 1089 1
19 D 734 1089 1
24 L 4 31 1
24 D 618 31 1
24 L 4 127 1
24 D 618 127 1
24 L 4 220 1
24 L 4 486 1
24 D 618 220 1
24 D 618 486 1
24 L 4 644 1
24 L 4 1062 1
24 L 4 1793 1
24 L 4 1883 1
24 D 618 644 1
24 D 618 1062 1
24 D 618 1793 1
24 D 618 1883 1
23 L 11 99 1
23 D 260 99 1
23 L 7 524 1
23 L 7 647 1
23 D 260 524 1
23 D 260 647 1
23 L 11 762 1
23 L 11 929 1
23 L 11 1062 1
23 D 260 762 1
23 D 260 929 1
23 D 260 1062 1
10 L 4 638 1
10 L 4 905 1
10 D 381 638 1
10 D 381 905 1
10 L 4 916 1
10 L 4 1195 1
10 L 4 1489 1
10 D 381 916 1
10 D 381 1195 1
10 D 381 1489 1
10 L 4 1606 1
10 L 4 1672 1
10 D 381 1606 1
10 D 381 1672 1
11 L 4 27 1
11 L 4 162 1
11 L 4 1029 1
11 L 4 1617 1
11 D 756 27 1
11 D 756 162 1
11 D 756 1029 1
11 D 756 1617 1
11 L 4 1695 1
11 L 4 1818 1
11 L 4 1828 1
11 D 756 1695 1
11 D 756 1818 1
11 D 756 1828 1
5 L 3 103 1
5 L 3 344 1
5 L 3 419 1
5 L 3 488 1
5 D 753 103 1
5 D 753 344 1
5 D 753 419 1
5 D 753 488 1
5 L 8 519 1
5 L 8 688 1
5 L 8 1035 1
5 L 8 1490 1
5 D 753 519 1
5 D 753 688 1
5 D 753 1035 1
5 D 753 1490 1
18 L 4 51 1
18 L 4 145 1
18 L 4 348 1
18 D 994 51 1
18 D 994 145 1
18 D 994 348 1
18 L 11 1285 1
18 L 11 1672 1
18 L 4 1684 1
18 D 994 1285 1
18 D 994 1672 1
18 D 994 1684 1
18 L 11 1992 1
18 D 994 1992 1
9 L 8 172 1
9 L 8 565 1
9 L 8 684 1
9 D 703 172 1
9 D 703 565 1
9 D 703 684 1
9 L 8 727 1
9 L 8 840 1
9 D 703 727 1
9 D 703 840 1
9 L 8 906 1
9 L 8 1031 1
9 D 703 906 1
9 D 703 1031 1
9 L 8 1154 1
9 L 8 1253 1
9 D 703 1154 1
9 D 703 1253 1
9 L 9 1511 1
9 L 9 1810 1
9 D 703 1511 1
9 D 703 1810 1
27 L 9 41 1
27 L 9 121 1
27 D 188 41 1
27 D 188 121 1
27 L 8 391 1
27 L 8 501 1
27 D 188 391 1
27 D 188 501 1
27 L 3 683 1
27 L 3 1270 1
27 L 3 1887 1
27 L 3 1916 1
27 D 188 683 1
27 D 188 1270 1
27 D 188 1887 1
27 D 188 1916 1
16 L 7 115 1
16 L 7 299 1
16 L 13 395 1
16 L 13 621 1
16 D 997 115 1
16 D 997 299 1
16 D 997 395 1
16 D 997 621 1
16 L 7 651 1
16 L 7 1184 1
16 L 7 1452 1
16 D 997 651 1
16 D 997 1184 1
16 D 997 1452 1
16 L 7 1617 1
16 L 7 1708 1
16 L 7 1740 1
16 L 7 1766 1
16 D 997 1617 1
16 D 997 1708 1
16 D 997 1740 1
16 D 997 1766 1
20 L 4 45 1
20 L 4 101 1
20 L 4 265 1
20 L 4 434 1
20 D 937 45 1
20 D 937 101 1
20 D 937 265 1
20 D 937 434 1
20 L 4 719 1
20 L 4 1033 1
20 L 4 1069 1
20 D 937 719 1
20 D 937 1033 1
20 D 937 1069 1
20 L 4 1233 1
20 D 937 1233 1
20 L 7 1551 1
20 L 7 1661 1
20 D 937 1551 1
20 D 937 1661 1
20 L 4 1874 1
20 L 4 1883 1
20 L 4 1913 1
20 D 937 1874 1
20 D 937 1883 1
20 D 937 1913 1
14 L 0 28 1
14 L 0 57 1
14 L 0 360 1
14 D 449 28 1
14 D 449 57 1
14 D 449 360 1
14 L 0 382 1
14 L 0 383 1
14 L 0 900 1
14 D 449 382 1
14 D 449 383 1
14 D 449 900 1
14 L 0 1062 1
14 L 0 1251 1
14 L 0 1607 1
14 D 449 1062 1
14 D 449 1251 1
14 D 449 1607 1
29 L 9 278 1
29 L 9 641 1
29 D 398 278 1
29 D 398 641 1
29 L 3 1006 1
29 L 3 1597 1
29 D 398 1006 1
29 D 398 1597 1
29 L 3 1918 1
29 L 3 1995 1
29 D 398 1918 1
29 D 398 1995 1
15 L 15 316 1
15 L 3 567 1
15 L 3 696 1
15 D 154 316 1
15 D 154 567 1
15 D 154 696 1
15 L 15 1540 1
15 L 15 1690 1
15 D 154 1540 1
15 D 154 1690 1
15 L 15 1753 1
15 L 3 1915 1
15 D 154 1753 1
15 D 154 1915 1
