12357111
30150972
151784130
20626566
175024237
43636625
57603561
11291174
31513814
36396839
151776600
68297708
53280110
42771395
18145340
8837198
108100186
140655975
25433682
83931562
6073016
32077149
46428676
34093685
70909620
54479711
21003312
100111106
4666183
8330486
22347313
28246749
30797191
80850932
53828418
88765622
110797064
32384999
32525035
97560936
145947534
141571171
908902
84630680
88408027
125520131
6299146
31498291
172643046
8434451
76321159
100095385
80524719
17750708
41475160
164143
61970961
138234
14447044
97419600
53263413
63496
20613333
15729101
134149725
76025861
34862622
11973583
22422694
8840272
126987033
13168858
43433558
30607398
22826665
17419546
73590144
17823594
2445686
157134
68971
49309813
20374549
7107957
60352289
134886305
138912011
108656870
248323857
95596925
14245092
6243355
7057456
48411774
65711683
33778851
1909780
8671005
52568266
201507758
12731825
53302951
15224252
44418520
11938413
140406839
122513800
142463014
102976547
47118813
133707175
27435115
81443221
68864248
171560614
168321805
122242383
38895059
30224159
5909099
113275132
39068229
180824201
6893155
45201591
50353477
129628670
169023
40557697
9197626
13297649
165209846
82308
26081552
117018175
22738702
124268217
22057185
173545115
13369726
28580318
47596804
2446042
41685412
13823085
49221055
71975800
75778584
2772076
160796403
109028131
116656227
115883087
34152695
424182
67746873
4890688
6478167
2557057
12225746
63432019
30422667
14032132
52504992
23559175
59182778
54366224
74252688
36633471
276987
38335022
46895154
2113119
78842745
63779192
192801058
84444019
15221490
52647918
6510511
52600790
23626642
79041326
2389639
207664915
17891319
3298607
43969573
15312468
6913169
10242430
423448
13342654
70779808
1860635
217535990
117600466
4654075
11497741
43699935
192098327
9469607
7250098
34697670
36883173
4029762
139675785
10598994
93227682
10222821
159580479
47522423
12478636
70234234
30827708
35392221
118647324
46055952
110531296
96155814
20813127
222320517
135972952
77388541
44460901
95142288
81667239
698783
38186363
66238594
134707653
30155619
63825701
30642894
29877706
116281387
90228138
21719497
32722172
6423740
130208527
89818480
137185694
167023454
33802520
216176191
40935186
19875175
97658431
4160654
9790090
90802783
111328
11945438
4011181
32004222
58145638
75994329
91299175
50123200
6108883
165068663
13749340
52550276
107063186
219551580
3826046
118290862
218470023
27845045
39525948
38533185
18929185
24726027
35201666
52511986
76680684
57478684
98892724
75420518
86958639
16103939
29983401
50256133
65860289
134307308
10273771
111412770
178451869
4640431
39647871
2132223
20110476
93820024
144418061
65395607
75114931
25208249
47855997
107487259
118724288
130821202
63082829
66815436
32635397
8908383
17970919
81394013
96055340
28176534
122820681
1820167
41917591
8125710
22838735
16200365
42688057
48516552
29988362
194628606
91457
72064156
6435694
58581245
4592074
72603009
96233065
114421756
28546968
121045339
200466346
125501085
169780065
100511184
88313751
29033391
6482166
32466002
16224743
105424023
13563982
139522930
21510620
18408737
1037941
31886085
10972446
35808141
176135315
109266662
84242706
1026197
8060454
72188049
57594611
23786638
26793489
128081891
60255719
22841431
65493766
187193541
3280869
186056105
33793577
3021765
159541696
45373362
30460374
26269888
147504056
9480764
162639378
92110550
3951903
64070661
9527527
21816441
25841026
177952037
37906543
84842894
145520276
47890539
78646755
214251340
126560926
61216211
4355931
27110449
60656917
69111028
18006948
130572246
34421169
5608626
165025501
152717957
60813720
212338340
22475800
56168562
54117597
45379644
98589075
3140540
98382592
2573708
147184130
103222579
7722352
12233718
103618705
89936067
12818693
117846397
75346166
61400884
144500246
31823136
84403041
65565468
41628536
57922316
164073266
138718419
132023748
28795174
43810333
71865487
6000954
102161111
70413203
192490432
36320660
41294941
61791957
36670169
30925195
10181974
30958725
40288752
169962739
59034561
101116851
15736392
72074550
112757948
19234803
35755753
18587708
29992406
12394337
349266
29958541
86071882
192387904
95329
29132004
102301292
123336505
100171321
48091145
2811406
68624403
61862293
33241403
87025478
193496621
11646377
14695347
12433761
12872556
26929242
90824384
2376865
33428545
25468273
14130995
206994226
3847136
105604642
16228043
48808568
39186608
126497740
13366507
3956212
147806986
60903757
52242478
24864741
24845571
154619254
162165264
18709958
35819767
48498805
144253312
43561254
222579985
12664509
10662076
2513510
104859221
14759479
38629047
109866916
66945640
79263921
29468996
185153137
96266491
105518156
35768950
42559501
54044464
88575556
13166030
55267069
21919620
2666498
87845
11991446
19473696
142457502
52057156
124987313
108387658
36682723
33190064
157279987
81531023
9695454
3905020
20631812
22258531
64837030
168048753
28431192
65817995
10296718
33044347
2479569
77429734
33962180
71869134
69077916
2209874
26471171
4135047
32060721
17962380
51930726
122322759
33883
183094785
64924751
92580510
31238484
44012505
8624367
63649691
112586647
106094340
28059890
14528187
13597862
168485726
102489972
161714
9112715
135395150
37692709
15882898
33695403
22744963
142059292
24061581
180213916
19873499
36167725
50043766
2077206
9335510
3612436
81471702
761544
15460414
17640896
3953667
42803725
33669333
39792644
116380436
112394965
61306410
72662353
117641579
7304381
100192821
221544545
47681161
130076779
1015007
114912710
110991929
33954688
213553280
5772959
127910595
12279099
15005042
87270339
66034193
8376751
172478525
3668825
4759917
123997570
120885283
45372453
24258418
37046943
161064
8270789
26141181
19119212
17936205
195775342
1547739
160417665
12371361
66951623
111619872
52666026
46851798
189168662
102926293
2517823
43313249
5626620
7788362
13015802
35848942
9015871
9893161
19835686
164224646
41514660
58894073
125902089
2293055
166078763
105705005
4181007
17770910
24332903
12196285
62136921
4142416
121999630
7947967
40670216
98125752
15293464
129181030
2059000
32959800
59912214
28630666
65022531
85978551
132522176
27461690
189172872
7910346
75900570
52698975
153732153
6281683
5279369
154760065
193799100
40153416
30317659
53115733
78445023
12065964
103220544
11697192
60210081
5780154
59586913
17621790
4401250
23678690
40675568
23097471
30375737
133448740
3038866
167354425
213020382
88509686
14660500
3090024
52148388
22086323
12878467
29611129
6819068
126501031
1419530
22360255
112149087
48729403
58563104
66358320
44040371
109876786
25649089
16878220
56283015
73998007
21351134
149744894
102721854
31101306
84888252
74442221
100347906
1506231
122533515
11087158
72389326
30332059
40122411
25394839
83341724
72465769
103849407
4583882
65146471
64246820
22737266
127684101
74980547
78816909
71370635
48624878
1295111
53036251
54476545
28132917
31881559
186642080
45101452
38447779
91959770
29048811
6866565
211338525
21352035
48875071
49089717
196882288
10537663
36515510
12314771
8177582
20074574
242287401
73919897
8853537
13739477
6686033
21556938
17144544
10996722
5676843
18462816
16798529
119216639
16695097
137190947
176557843
2208101
53010058
136318822
95734208
107019560
124125739
41897384
243663251
22387384
14274855
178241786
127822372
7376259
87195096
95527965
853984
44299593
90977726
36632013
65918222
16071125
88740478
29226885
879042
44292407
34956241
156540943
199885784
56879811
108019053
15519220
31732827
14297626
34232358
78413492
49449490
45602500
3125861
29531915
28536039
1810713
132609488
206638568
18542266
161098570
1112979
71459940
63901430
15518885
14870337
42676247
16986835
40344210
24415113
3488583
66742386
73316617
137963289
7735719
79796893
91904254
20550305
30185064
28447303
9224272
56847445
44158114
6096289
53481088
188836312
60299341
49621978
13150546
218532062
167394164
108615469
24706755
1483810
54360248
59701663
21647830
61419630
7605418
96014916
14756746
35415326
123771024
63927625
3960884
1632086
26874743
67971464
150976058
27359364
13961889
145651717
192935875
134740169
62877473
94738109
79608082
121776416
90672724
74993295
79463832
63244435
20124178
144033603
22548119
2843656
63213468
17566065
165479332
33430563
81389140
194179750
95851126
8226620
53611617
24805446
34939038
78590359
13319345
87170157
19930820
23441292
76511570
30567613
55896476
69150755
36601959
129631241
76128976
47162254
200322679
10045307
191556250
115384781
38867168
7152158
12925405
51812352
42004008
100236871
98160549
205109248
79967427
19355422
28273147
38810348
104471973
83842394
59288317
6234978
57121978
28273211
83066078
94555522
54232998
56932072
168045812
52399582
20793369
73144398
6159262
55932452
138876457
61860276
43643477
82388737
39880961
50662316
35795090
59240063
151883133
195392985
145319939
3384018
48702338
63624384
20127823
15520774
102400456
193117234
112514752
37002353
10064150
50634013
3013469
1538533
10312549
18657937
38900027
71096598
23811477
18293806
84712589
120215158
1468637
159937347
30847749
167669296
225534130
67941031
61623160
41545775
31486020
66416111
90722603
9381826
79268823
63503534
48597478
106171151
75051565
60923634
56299072
64509476
20862106
4898412
43251282
46297245
79479361
141286372
149422
19213713
48357767
141266183
115874363
9211311
151590448
16741949
21300457
103731577
49432938
21693060
134084818
1345744
111219709
22094820
42345396
15946408
129318733
6537501
107622360
1327457
21757008
14022382
175148576
143181305
47519341
110726452
83356626
63433774
140725283
238566094
70581162
154238122
49422333
25701888
113102395
127115204
13400541
77383625
16126010
196543258
250279
54521737
74103628
16632529
140288213
33142052
52293988
14658285
1433672
9150495
18110463
4605484
11859374
98396099
190179655
29265836
2652176
56856589
32175712
105919119
19267543
49826539
41152393
31681122
35625529
3909398
23277001
34509998
27135518
78812026
7883269
96989721
4371730
14748646
19009365
28833163
11289129
37422430
12381424
9081003
161374577
16493906
69209601
51462333
32877237
2640683
2845175
49670401
109033085
90435972
149506342
8223682
4447877
140689199
10229986
190953933
168663201
140922461
40515851
25530794
22823628
76315881
37191985
125078355
213043773
47249583
36685422
60857222
15994721
143962892
216712894
193281450
11220040
115728922
10912697
11495410
7723349
598940
18671332
103660857
63661273
71993921
109377887
44285931
70820627
131455198
45358770
26604368
38344633
18303628
56268104
14202439
109171399
172516400
183736470
37513705
445014
8064904
42841605
102203973
16628608
143833183
83876219
14697795
4127131
158820455
48703369
188673715
127223098
38966146
940457
71702147
26837872
27567779
6652260
12364339
140600300
40592990
33836131
9217779
67290086
75168154
76547396
35662356
165141950
4876965
24824012
36635625
65496517
33229395
22548737
1497079
143698166
79492535
42888882
13169512
24223064
7840177
2133474
140982801
18602468
60760794
12105105
36271148
19034219
13779492
49951600
20044097
19563997
19591277
138699131
48548781
9167102
32381353
117757862
204753465
74725959
174383770
35911116
155946373
49499491
89765698
71266589
20061844
35050844
55325653
3976341
125003973
346189
54209283
31665434
28332808
101264331
166638060
28762123
10412172
137712071
146579416
88556365
37070265
108242331
57312100
11666460
14698497
13901512
81333488
23100617
33542579
38643009
134836740
113496284
75619915
218362728
77328930
5660464
28323694
60286488
32196905
80357599
19767498
130987377
40308393
52750684
11494094
32624160
7780520
42452851
23620362
3695789
2693319
16376800
48088642
17780803
79756129
111377907
58479535
45393541
81951492
2414500
13339302
39880142
102144840
69480784
23707827
36136963
12424303
112105903
143580781
21852225
62185243
20723073
63136785
57401391
338216
748746
51977245
47775543
121849376
76323990
102068611
17024402
100272684
26551523
31540470
4495415
19842624
147101270
9601585
11204882
10729248
100889245
35162870
63047083
8135861
95841380
25885254
46764722
2148413
71233492
81328016
2481242
55226756
143439368
3880880
220708579
76711084
12173360
121416505
61067954
76095524
116988441
28027968
28949591
7673128
223842112
144017153
26538605
137344795
28685009
77702993
49606945
8746022
102507511
38660362
151365091
40623873
9485920
13013947
8909790
4418864
25130607
548868
54980594
27500125
77501691
11664155
147954862
44535212
138429442
21185921
171166795
219762453
110531742
50758349
2833
43312569
54185615
88199118
120599295
53594989
107913859
69712209
53858579
4157867
181565893
155619686
35471021
176851242
117502406
217674800
16357244
96733071
90128510
747734
20568177
16343641
295509
30139803
19802399
53484131
73653092
1850089
11776228
2943351
63087866
28145621
188403034
78305011
41267538
36670670
244026
32370077
205383969
40181834
16027898
69169467
5135222
174982428
94061916
105449204
31953445
909383
53292795
137905631
1340868
48726759
21172267
32910189
148915887
84125949
33256960
71034135
5537154
18150394
219935774
137184977
34873907
10409612
94107592
90862333
11041978
31638191
9049488
5948863
119647532
16577078
3538116
72090670
2648027
223470038
88579821
543805
156389520
34771067
74880678
3279740
8694828
85284624
23331296
202444650
14234063
20571147
153040788
42523017
84354725
21666119
39458435
165684528
70268897
77473311
28274042
141203790
156745932
102775136
35628415
41062439
100128754
22404899
57077558
372709
69433031
33512544
98917200
29656018
24778050
146970637
104778792
74990959
136428764
76979202
10540074
63670484
153130123
43888309
33924867
14332042
210317434
55800364
114656623
143037187
22527128
19961034
53312344
117717867
161152954
6598542
131317158
24753272
46419361
159194009
46318542
288314
516651
33922923
154016954
395531
58477212
152231570
47829784
59489517
27226237
67112934
123360245
39592235
27001772
102231658
11854445
80261893
71350893
725759
6381189
123840518
42981158
109159420
19833299
168638891
192085653
121696
51323791
29592783
46632323
59691683
122991766
139860995
119627438
55717
19248265
1542309
1003855
116241825
20664527
107516311
54992756
8581709
62980470
20512113
976706
25424951
66098860
31966865
166480539
22695484
47110307
15162457
137851820
66005802
187825724
15905161
198160652
93237285
2707826
22400016
7814506
84778746
13318688
53449936
18489961
29918373
32595024
156320803
53170362
52627634
50059315
20386992
176291842
93637103
27219477
122123399
2888446
2125489
880387
36193605
43914659
171271526
40022990
42328105
54007283
9191998
79619985
17677975
23130972
39006878
60138313
43751320
5991171
83735248
40852133
41062634
45485936
80112378
2566488
64175971
39046864
7723700
16077315
2265088
195258870
12937953
12490247
18961133
48936421
150155212
22335002
7229310
118600554
55298975
27010178
11949983
58495954
10013641
30791435
94645572
102235317
66550594
928008
50283163
132434645
1243386
9692045
3601069
90564167
86388111
67275173
13862628
79592066
147783795
7685848
10527945
175003391
31095722
67598744
9801944
16192562
14259495
18980053
17702282
16802834
120979640
238382424
21967646
8330271
60862215
104611323
18552316
87837
29858757
12568814
103432312
49666407
66106700
92128648
27546932
132650838
83900879
113817090
171201963
40815904
71841755
65271190
68481299
188996465
56155130
57867116
57676565
54940710
30664595
95576458
24935399
18380450
29554929
14964188
167508098
74345129
147819204
57029434
122602156
2510474
97292576
73516311
97688533
11270924
22749751
22528572
108113565
50852611
44114106
783572
76669340
91824176
89057573
171968877
121781573
69034935
13716794
141146727
100401413
132566089
18911371
5518349
23158076
46733220
158909268
51718241
78385508
138594642
736517
27589303
37326674
10990905
66670530
66932640
30942599
3278202
133346975
6227810
95566079
67080924
6891401
466704
24517610
93673315
18421438
26353581
12617501
3508080
105486996
12458313
19601310
17822066
214939420
10770328
36558717
74664453
107641411
72107200
74834577
6287753
69270772
14140145
144816847
51714377
29283353
5013639
36591845
104258795
1041691
146750724
23287048
22172683
3527816
8271007
33641164
10782072
4344486
10583552
41330258
27071977
152156187
5929534
3699738
23869545
47397050
4533518
36533568
15736644
88985056
72318588
19607769
2035812
23293174
19610569
16146539
21737553
34991038
3507535
80207096
16575637
1001060
148533726
89918426
7965293
85525918
14373009
19306322
165882846
110307550
26951139
5612653
40669275
19302015
114575347
67134148
33987834
202643842
82420626
25875132
250108326
42849707
12926136
52601600
101391211
66049782
74247276
36915337
12406443
65549023
60807815
112929510
3444559
25473487
6193018
43162485
15997062
39652225
93088390
94664276
87285925
2922320
87839810
42678557
238911436
8238279
29724420
97154979
133652579
65975847
41240675
85061802
30805591
4951657
89235132
59381211
43363543
16572247
73941858
131695434
123757193
133813978
30067990
17038364
59323010
30670858
26809790
17376085
52496805
150384251
157180106
35420512
11746429
33824159
11136917
90089444
69109512
9762337
25750694
19613543
129215559
145869086
199580309
27321027
5131199
112729383
33006615
16716356
20285511
106341447
172281805
104092964
24244550
45838145
40561951
72219441
149075036
75763949
59751591
56432906
31931043
77369263
139693763
49379287
2428253
82921278
40883211
22127203
16623605
589048
791035
11804029
86331578
8564481
53469407
156307976
8443110
143775459
21979022
28727960
27496645
75903967
87932885
143987893
20825719
142898238
12556387
135249225
63251473
117954207
19898678
18072334
119096856
61984036
28874231
44109699
102805859
30788099
724723
32077182
3916570
53706002
36427619
8687405
128189554
174690920
76792575
59448394
46121134
16110175
34403820
2180440
2417442
62646190
169104950
57670847
55102034
6882706
3248117
4461034
9073921
114355375
7876313
52386666
196973692
13561051
40056130
164467207
33521368
16754890
4005815
46247299
102312757
27441726
29406100
12108691
82184996
27248426
10672305
62308777
55782347
91178466
106823471
2355443
21756907
1885171
41519995
72788355
88418425
208020965
11978205
801612
49533284
121180657
32617240
74758168
110206570
12184191
248486396
13460848
109787013
143913985
29869855
28417692
20693471
48793861
65221183
2566322
26027238
74407445
151490089
122675034
526560
53843692
28929730
97647441
41782045
1881051
10537405
49520257
757476
104148753
96708731
47371657
50835259
32408056
104477287
152446896
36954487
11512875
86103288
55109194
63280533
94444435
22077743
49546513
13721118
30508868
1893747
52121792
137543154
7625301
13566423
10024676
87773120
50930508
17473710
31553455
61127611
9914734
197291733
10164884
5899841
38603960
2481646
56641991
18439516
111908030
16580809
55648668
44854050
2522360
101609505
4851751
38161742
30779168
88719525
108446888
13547791
48503061
12213504
26963955
34277987
11493904
43458334
24040764
44137058
43825647
165883984
13004850
20541359
116747557
481733
74006842
36889802
12899921
54459387
85073334
105976965
47838172
45120686
248233
9156173
23052903
66977689
5009231
5064221
219048382
1831737
25743706
7291280
27776542
163663553
131521766
10843805
10622612
112139584
123638424
83200
206126640
192820657
35803990
102339261
164892941
52575180
221324145
236971
5710495
7275706
156016218
101281018
8897008
13471556
91971453
30911608
30659071
12894041
13084248
3073788
19795981
3209502
206195843
4642877
3020031
41119163
56526803
8948708
44326415
123610771
63299420
85771497
14602538
53391071
119581531
72399024
187953299
16326708
162512888
99997962
176106925
32666386
21859307
16460849
186128607
15905635
37699534
112203175
51760906
90565965
74178859
10160076
30164410
34535350
5901268
166156250
17081160
18942399
149427678
102101002
64357915
138972344
38484062
165690309
23165273
46319210
9320502
65777819
135209170
97919887
47308231
27419148
128097160
95170563
33020930
7109732
99760659
19210399
34805668
114893827
136598668
8041579
14630355
23650665
132983649
34030258
8138702
31591733
18525442
76159963
6705712
20115721
86306199
31736056
45898484
89222378
9127643
116937208
30840189
154946453
209475274
3959086
56086247
2114097
92941344
30529400
38615735
193321827
94783347
58549139
18365813
113556609
132610472
23088627
91895004
112979002
109050682
9541633
103178442
35045508
66041410
91864617
73180797
54642235
100412106
14718643
165436410
1234614
16117198
229483579
93713967
41724709
5581241
96749064
51536733
157658389
88622206
25195736
13974220
109149435
184581229
125324840
22195827
65830107
209766562
108656492
12129286
62336652
58034385
8376808
157034710
38574645
12479748
28277549
84198433
14969522
5976353
171258161
1880587
111355641
19005699
216917194
21285564
44488399
88973096
65944358
118751717
51876585
101279506
24358500
191561675
16373815
111624539
141797813
44776091
13983693
35185089
204421024
146606369
114286138
13439126
10385435
29348881
74267977
57286886
92469031
48106615
48514965
3558684
99724183
137687323
137647920
971612
36378786
52039372
34650233
123242841
51769420
49532808
26341038
40546457
133111106
9458987
49604014
186740076
3035125
8132251
27528688
893100
20417233
46795872
129804954
187987657
182005999
50629941
17845714
36060210
33724301
87422497
136051785
98827632
1067302
143658815
110969220
144166483
74101795
13139756
12153725
56228807
25258546
58193985
94203570
188996039
37801156
4878881
45283644
70624638
16406992
144263570
118066817
6660031
73033236
28485128
22653447
41510667
98630547
117969158
112403049
37085548
9264051
68981393
161339895
41705509
73409512
6263352
35352724
1746071
78266552
192533915
102942344
35343763
149697205
31125566
116826476
19742517
88429393
39079076
60650993
48252772
30827280
35671279
90838185
89687072
9849793
201625873
60510987
178822312
42340133
103081502
180040858
4836037
1590042
37354813
17469297
3374981
47486050
107486388
137068727
44128731
81377256
65987279
42679879
152144128
9484366
53334590
56627953
73148453
42271085
158442290
118839500
11236304
91411481
57493740
36480687
59216444
34884334
104595254
13559117
87285008
40328907
122957261
35468596
234323733
5302109
347150
97220245
138695952
153216706
80068344
9044002
24053408
145043741
103270552
50051277
115969128
22112570
35134374
4614993
131088885
165131058
79131149
8930223
19973742
46251900
180097514
4448903
3326053
12708137
32493009
9354501
124075830
105485422
107529015
95331195
16726285
147205633
105284161
163403020
45855399
148115557
62204967
181859393
72655181
17139288
241971
96253326
92397022
4465553
21333661
31992343
159126243
89487596
101857
77829360
15544636
8478492
129064884
88163991
73174075
8751651
2070970
19440282
14044079
4720647
82807779
18456305
192898924
3363744
103199118
145400451
112299771
124683666
62099063
44768718
2535526
68559666
240430196
20981876
16082600
51626466
90136264
109074667
5937624
20841597
155829835
10711557
9188399
112612119
99199340
81963622
136809772
12172449
188306874
24477253
35566556
742534
128816028
4499073
160770782
2276826
50238612
80456205
172837058
8125437
168952
118432463
9332885
58425634
31795885
5121660
33590626
49104442
227674988
27399469
109394030
53615291
101774231
61198802
26866332
134218755
61822343
51767291
141840
71295566
65322458
4061166
55780533
24580343
94823111
4592945
899607
78666393
20357979
43200239
144437186
67303043
58897227
9962497
74223040
34077579
100500930
75748258
94615327
220518100
119581315
208458344
23384282
93968853
42180310
93140385
55656958
182940381
25959798
114723116
21834442
2145740
44732152
61558543
13847058
186037548
113129647
50603948
23214478
1262672
115538516
5128789
33992446
3974656
2683422
7049034
57664652
130925064
71512325
125344021
31405714
60724350
112717983
6660380
91982
180070984
2595887
13087855
87899497
62789262
13948327
195023048
48240919
115882499
38245891
38425549
112043624
8494822
43096547
204893516
60633616
153134244
144481437
25112048
106525641
22423495
2547125
1960407
52043464
39701006
52971079
96434876
6046695
52617338
56159764
12284285
31395008
108295770
126591854
1818481
6562968
58433476
94485959
139894546
117487042
82922422
106466219
72798134
14915761
15141022
40609028
56192317
29054323
32473399
7025111
5672989
15929729
123667174
218487680
31535768
15084690
109715208
107120825
96399027
18294313
32163705
58488689
70098816
23922215
83309806
19393575
61608318
86541339
6196182
73788736
58516336
123159717
17918129
217608226
37503098
71657130
85812636
47897959
843751
57442696
9523496
67953302
28582916
110567942
18883439
38520199
168079102
113148561
43425127
46773865
60627662
223879042
88211783
84787042
315794
79147032
12924190
48897745
50622301
94383720
106324099
22671497
1101728
4514923
32236643
230869590
85258270
110948346
220487095
25026717
57641949
9784788
33421425
55581015
30158741
72226803
2577373
53184989
207203280
61484032
176453642
68718741
276217
32149203
152328591
38511551
167511518
16424615
38066457
4054710
51241852
105738161
28899909
138657447
63958966
116941518
34909380
46957855
61853699
80509076
131147010
86630462
198498794
15355021
80396460
117846122
95952196
78441233
13405987
56415158
18318042
8234809
56264689
17294821
139256
359727
818107
8176961
126806208
177398982
10725846
121965895
50010766
69714925
15585368
75930684
87340274
92491156
63277388
86035654
106494884
31333005
10924723
73964287
149422981
19817902
101140352
530174
2688837
36336264
172468865
58457523
35948430
74385359
142594539
84459367
885447
59936148
39601965
187083620
1186823
31523437
32452448
151901034
23772205
44333522
10754024
174148514
46947349
4470336
43024360
68709158
35224947
93825608
133924313
119690407
23446298
145914577
169527145
58971083
15849192
86850057
58726496
57366000
17624512
16569132
3980485
16501174
113525730
15257355
133557966
26476456
7522291
55627592
39207537
2648260
83729703
23613138
4304833
94220362
105460583
66919426
21923861
67760156
16984674
8881479
60188324
33013392
37212791
84678180
195508666
35256075
6285082
48905442
144856681
66299715
47415559
6414614
2900291
183486867
87189079
18381640
10269850
516164
75469015
21607483
2473430
221656112
20825093
69924616
5817671
1576797
42793300
2078521
41980940
14586446
75279594
22692206
6838070
2736317
188839235
46402881
50997146
104260209
123378321
62855916
68074485
6198177
5892189
4595788
83188667
48926389
2248709
87796465
1965717
3946199
100160439
58414433
68007716
150748246
100554617
140050358
37091399
108912187
154632591
18882958
13703040
85965777
65392766
75791092
29336665
27537937
36128058
92920194
76770347
26023065
151475695
2700562
15052259
93986836
18653854
69822889
23717761
88332494
30561721
46469227
57834711
163419905
49372848
190062741
32152231
57475476
33699923
133707565
63580627
31192707
46153164
157763340
121493328
29598326
136374197
212486985
60886547
102171339
61312836
75383598
169104961
15082271
122787429
54311256
190189095
511475
45574240
144224708
202895259
21056919
48153636
22009814
144354289
33138251
2790139
93521103
114181724
54456433
74733272
139777722
85505684
134286855
138328524
105713124
13776737
61950899
75298912
157814954
102876171
4699483
33741141
14866857
59397741
126925243
22470296
6197769
24044381
23379343
5543047
57420301
13217848
3179094
6068784
123377356
98468813
111989864
4728974
72651393
6624507
38796183
21217455
5615822
51686383
96517441
16240251
15479276
30469711
29831448
44846562
781394
56291690
9018123
15899252
8498132
12035157
7550492
80706453
21100247
133121751
75256312
66348936
19665188
212023153
30373417
23420609
90950468
42728970
70403270
139900546
24371662
182134359
1020005
160058063
10089717
156709533
9696690
69722677
151868984
193917698
50927156
19363419
96999536
182948934
1277364
29632640
177827401
51970091
12695972
358606
16776274
29844540
246807
149965542
10939308
43626933
134516435
22097031
97206672
138194224
152034063
3725089
95259385
5154096
68240251
127679369
57331478
79393351
61728791
44840998
16538130
78426242
158533417
20341866
6261034
234797346
196209488
231185967
35261365
19376469
59124935
112509481
34590742
51749797
114112142
104394747
37074844
21981686
23437506
8995518
42831896
55995677
200734539
90101489
37096066
7253286
79237477
12107663
7220811
215134366
216380149
136177990
53795427
155211243
20847027
5548532
100959586
3404086
33453098
7529791
137163561
147142654
110351611
30265223
78596791
52736642
151090278
66586996
36087915
134699811
16188865
35963238
163864696
9101862
5864633
49169479
115938682
3397660
38042270
3107192
99961498
24104784
223381214
6130250
131595100
23171432
3957105
104694743
32242807
27910676
218573
16894111
28335754
162009910
29421372
85163553
127746043
16720833
27638776
2907625
4126184
26568739
70881936
63463726
15925539
39762840
208785114
110694535
50391008
106329350
191125532
131961103
120643769
220190709
417210
9128011
11279081
116710486
37077201
107510639
203212727
1212442
153369043
112808586
85233145
124727800
104386124
4076804
20251269
167607948
93553806
7228972
2791517
15952525
2490852
88274498
141425986
25879548
63293162
38260234
74391058
112874777
31969860
87057098
49593889
2397855
19003227
76759813
9228519
29168978
26136988
1154476
13208807
10230309
270545
155409925
85498312
88285726
86759878
77676476
32377661
43365
84738529
59794796
4814231
1039687
6841898
454957
6256328
73533208
54121798
170096753
154577234
188675031
200978257
188716861
17567236
85925302
92216643
212705387
44647957
62712252
148092941
12907129
100831804
60084009
30618984
439463
157750528
167937166
3401311
28320103
9675880
97966636
103776034
67309258
126609729
7536134
49101819
163959806
30709098
36520993
184585619
80149349
9179509
14777067
36740928
188235109
32669563
133055924
51872216
59402713
51221370
67019158
95196563
130737049
54918910
39623059
92836885
27340421
66403634
22808359
140378758
11333911
97737372
42134428
175831829
40588591
34572078
28994146
34077032
9921694
167432099
170353328
41057340
108087049
3545554
26220684
45057936
80843904
586982
25650701
23693313
149551334
207937578
207217964
75721912
80420544
5335091
76821944
59014739
43019934
126801969
162987932
124707412
30769936
12440761
30140428
15593354
18725565
101155179
92127
6378903
15671883
22795618
104428753
186104835
46212226
47105837
23548231
64801739
91926585
31214439
32867202
16600525
208715444
166587344
6625244
14399086
26707441
60005220
31398674
91404221
186299628
4488034
42394306
172179
11409097
136143744
99757669
83826687
35554168
101262303
10360645
185797743
30480756
51893921
7050683
174534
21037096
55159890
71242911
110980745
21022553
24353500
16649889
199083141
48920125
97266711
149706174
92188453
85152877
5376353
2342067
159113472
48435153
103224530
50654115
3828947
39228949
64692691
16005661
9870007
13441131
72841419
39422386
123058216
4704986
108596950
202876325
17858081
99321744
23348178
58144101
2009089
6331420
17384279
32558959
210319267
111393440
8611805
159940604
202808089
5551943
101427552
131035292
120371
138838971
123702
101449643
50761659
49506992
94044259
1581111
26076526
128121098
120806678
1026067
43027608
27859549
536362
87139614
94210108
37612605
103695241
29958756
114996543
73381895
27892655
11010309
15571416
76928913
21999146
55913337
195751549
129385503
150357040
97657767
109329983
14744463
26059231
144018472
126395067
19140485
11088578
162135985
14819745
91532056
82745678
56067134
31899595
2055901
38854037
11402798
22728794
33955154
45217718
29791343
162003131
55637578
495594
122627613
44288502
137805283
133678032
8207255
21457912
149881298
166884753
17934784
121342880
51535998
141031830
21900730
36933214
64783241
48766310
7886240
24894263
82457122
10821501
180298461
28452492
28797800
154984792
2463105
147086560
112232650
40523449
25281852
30172300
33049333
76678387
65902391
156345063
101030658
17984828
96970859
98350475
148057972
144993616
95672268
141677549
93232970
156532967
125050249
160876512
89763703
186295924
86679344
46996720
65800705
66414387
48735347
126156881
87315676
14057357
71115699
81512130
14019407
63707723
3233363
3132000
128650283
22668552
30505280
84113349
51202926
47617140
18413797
1426186
133468788
210323484
24930513
155103646
15937843
30943129
19319008
111481458
36529721
192401436
49730886
56060079
105061738
8563965
29195409
27976409
50709133
83357740
7172894
139531876
26669714
9228127
48339210
180847019
149634539
78305797
91480012
202251899
80684849
28881784
237242210
26219906
61221431
161282431
58647031
17009185
51185561
91154005
50701355
98613313
19633675
371101
68336591
12756868
3130798
8826967
134152060
19852762
112691920
87222180
88492024
141692580
7029867
85897955
7907938
85748972
28336556
589480
85402452
26887663
160158220
99619780
76637773
54816649
196128173
60387766
90403494
240771179
22216714
71480501
159627353
134325626
5215086
30692887
99725660
17947449
18145005
14481334
34669114
22993198
98112349
94496746
61379419
25970603
19348293
50263845
1745131
13841187
69119201
161484927
108627514
2342498
13112560
91471776
19319799
134159673
128200633
71036459
15731084
40866196
93266888
11972118
95519267
51496934
81993610
43049141
16497933
48682878
470112
49411444
60786166
43358491
70182512
7288516
15272315
30975973
6038587
147591325
7520910
111433781
57527506
163316312
139156090
109995326
44265902
164467432
189499513
197587538
19400104
55948616
505783
8956913
94052704
13575802
240442090
90830295
39981714
119802213
117856739
17242835
13341911
239135020
88627725
109888241
116911867
97255397
3072326
21958214
19922070
32815981
22554879
81761066
96963566
23642338
14794524
48414504
47445971
14610134
132807217
2238634
102167854
150574750
126125472
148636363
120734477
63319155
59483335
151147892
22046063
27823737
9733967
8839582
109748335
59207724
34910978
80742177
20873292
25907750
101923610
11381927
44789659
11161637
68823655
10255770
1890207
101624046
116958521
161392822
140501200
143073413
131671051
15832997
8100310
32636613
30345876
48748954
2211866
11390688
4953397
180499587
96202145
28376981
6231719
89357145
62006861
41611759
10728822
70060253
18795328
128439549
350735
17054898
127430066
5064979
31523003
89996944
56923994
43169868
24737269
26380514
199481296
15562551
4350722
10582283
75316688
81389
273117
115441722
168534596
26404143
99420103
64438828
21620483
74065108
12626162
6495266
36292877
17570074
27802654
73743974
3651471
85865359
1637906
64608278
27956399
17453297
75446180
4590391
157847547
129118707
1450106
35026712
176415601
13436520
134383132
116586210
63752898
24810854
58443842
87100774
10150522
125702
33657651
10034952
67057261
28520467
218907776
48525287
29398189
96683573
66846525
41220131
182421298
22664682
188597319
128397749
70916762
39708479
25342998
93913091
87159117
40767604
81326727
60829510
84385806
38476479
11684478
24139549
28551993
13870761
18745153
26816463
15843295
35384939
8958410
98191093
69948239
78100482
95983361
495724
87182934
126779652
157658840
48162342
193687448
20410430
31817377
22591176
38264144
67899623
16390626
141948913
14835955
98505316
58961905
16239289
19983669
201296492
12288049
121647084
43921694
121428560
63734045
119954100
76741162
20976437
24003943
86466278
56411602
1721357
70806823
38512092
68466613
25614738
58774815
3001721
8230364
10151960
100558279
143124435
205919665
88727906
10693312
213936677
29479625
11181667
2771912
109581552
84460017
151737597
49425871
44074713
25803664
89574024
17526505
121510925
22702393
128731081
116710908
140832807
74057396
1028233
126396270
72684118
3649691
58407365
18999090
139133278
7452313
19770075
36841175
49481408
139132713
24176859
22914006
87493764
176209690
21984093
100981417
49312901
31172951
3426627
115017517
34114552
13051896
30328553
56627398
11426985
84968
21039183
163875759
50518125
77603230
83730260
115380902
12597813
95536802
115478710
227741285
58568516
110793808
156817048
3857599
28214115
18651988
359894
119022968
16218684
217265178
72989810
3143018
157480408
30991847
4054952
2227485
106034484
58153532
45066986
117702905
147523044
15251329
122644387
177112338
29444354
105672271
139706683
48941237
15372825
11455104
39160725
59773651
162606945
10811853
15535970
39570004
36350856
5328
38297030
57616089
2424485
33526031
19899258
104232491
35708241
9880176
4904999
41640838
23405242
147163408
94537156
3057738
39703093
60982753
4551581
31413114
25005532
2832640
15957077
7072722
231600938
38302742
67370715
17282883
125996788
750505
4714315
1152227
49476218
14447642
47483995
11160113
61303195
21595095
8847527
44596375
67997102
23755742
139746315
14471175
216810795
9089621
17741384
33533031
5741533
88452323
16341816
29110083
49599999
92294095
168949608
191719280
103957699
223325500
81588072
195270488
39953965
225447811
66595559
43167374
196709431
176267215
12447694
175530563
131162476
17209189
70507338
5838780
53846795
4192522
185638435
14830897
121343873
65910183
158355815
26455203
146317583
135596715
76533995
23403104
118538481
52547326
3162656
144368652
112354079
7131448
16637261
128988500
216922492
35214609
155028603
187092993
36309477
7355536
42962587
75004169
218512509
68212269
239204756
939065
11447534
20463809
109539252
88174949
119428999
85670802
28352367
24236728
36265557
95691663
79786807
88749509
27553511
94610767
7336565
21166338
22006699
6826878
2657724
57835667
9971323
65944304
122463299
90183260
1424567
83869160
155299963
73046959
97931015
1034580
11189762
122002282
89056259
15387384
18938063
80616110
107196634
40762510
1458752
167485100
108457165
124071487
27285966
132469993
48089930
1627991
14286511
26572725
56361145
7962902
23479322
86406110
97479223
21499529
79392603
120752095
102740970
74102654
14642333
10711897
132917888
117822178
39270365
5903743
762272
24311037
18922686
57203127
68327661
38598535
53636881
112102728
40616222
70374032
109766882
312715
140735380
7318802
40922359
49036132
17534127
124427533
1434299
88208862
28360008
74456019
57402574
68625423
23098118
5998482
123281849
41256496
36023018
5080375
1189379
10082584
106005240
84966795
25700684
6159664
87123939
181763524
49413428
40435836
18835254
18674939
1623652
4361181
124947521
47822677
14855478
92458731
166432868
800423
12254932
23475063
17491854
54655440
68898110
6980469
107791633
8998579
3508571
175996881
22101809
81278328
3941249
156262344
74915989
32802660
107416431
10251860
34612978
105777141
149586481
40055111
22437359
5161240
207135033
31408437
22783631
94696303
143747674
9722044
170695976
30421650
53204577
140469273
117410687
88223942
135605366
187938082
171692628
71623511
92769512
126161637
25073955
66177190
71635790
143364892
19508513
26287398
10630666
55363095
129668979
219730308
46182334
22238830
8300490
150962763
20755814
39493376
1463018
4229927
75921652
13529767
220407213
7269726
111021582
11731099
49459060
4782337
9854230
21750462
23021160
13944761
79617338
28294260
41538053
82005789
62404199
110216738
64353453
61649097
50038654
13970804
29976804
101532595
146618293
107445102
1391077
55788000
101319009
188402573
8604964
6085592
212919194
31399097
80341777
86916563
6354988
110861504
168020709
43968971
12292134
97144418
86561943
16308520
16801783
139258474
45354181
36111013
12812211
50400303
40267890
31962565
46837114
61559468
22281710
37065919
63258662
22000014
56098211
86472725
16120844
220940167
106736382
12284556
76155082
32779245
38227170
213804906
57542866
149382130
2829586
110743233
3804828
12088593
55973207
73093786
1033888
14915153
21040291
26156159
111020324
66051702
7646266
71559577
29164621
10902699
30317563
104814814
108984172
41954511
42852338
112121019
76039203
88490367
73859985
57022000
176051062
104453495
39312963
72910124
44859752
5912398
95727574
92994129
147226784
9452011
96820200
3574708
3175778
53230499
156255853
137361794
121996981
26077044
24825313
12284763
12400586
114647139
11333443
147428759
29021569
48056804
48807213
8073993
3222364
146961521
40223141
32673569
32281429
21692500
44900391
55403017
106862778
29247486
102512623
17505196
9814097
54159521
103040907
32089780
63767847
2878910
96506403
18653791
46554118
124810003
5710976
75852881
10163158
135501684
86517793
196916199
33161211
204527081
99442315
30649518
61360370
26535448
58351550
73164658
101637707
44472105
2752194
42520544
73021255
48232572
12378140
61294706
2093483
68139069
37667428
12656192
134134405
52992828
16210690
164965113
126859768
33222403
8028135
95554526
122255425
9818840
5065875
94546955
25331864
10196442
101017373
14131849
50575728
64310920
2243473
18011109
61464372
4654690
46996760
25524559
11768899
76947355
8767756
12497850
2217082
95047313
5502299
17784477
109732364
36329361
20630182
92085213
144609514
122425995
9394563
72580621
25091939
85110532
50135723
33490919
128486236
102010015
44303830
53282442
86803492
7797460
150739546
24838090
60286888
47785648
75933025
2720906
4063551
20298626
120765878
69559008
15821398
6012111
71125106
57613509
36431646
8632732
79720294
55983439
141656337
629998
30325473
109560446
36384611
193068624
34724852
144509481
93355506
2433675
8648459
8762685
4299615
41771871
170569992
100641288
52747915
31625675
50287679
35333314
69210693
17695068
447020
55152518
27654231
27114262
113726124
93795849
15510496
62482151
63444493
109825006
99567483
169657713
10706202
127624157
56908962
68016216
104668092
1590793
6007413
212736481
152288108
20177325
59886603
936732
66527581
170060787
154108814
27398582
29794848
40389406
5486374
62794270
345209
33359244
35598924
48357
13674560
17893948
97989684
115120699
122405420
10480211
93895665
26500565
11565783
8496552
119831103
26316013
128103592
122101429
951180
5942290
218103299
15162991
73667538
149740742
22542292
182308435
25298622
25352350
132965660
34317559
192959936
14167970
46718146
340397
500801
89008414
14897489
31805493
87428389
18868450
39540665
92811776
135677983
13961468
43372390
34792095
4232738
1095570
17470840
15949392
2949922
176774493
87053495
5141645
60084063
39883905
3363957
179712869
48554411
26667646
113722079
82908693
4205720
153880758
186041840
1190395
36978573
22756387
114524904
11032906
33935143
11054810
51270145
7781972
12040414
55828558
72478742
19364375
21892318
40214856
40528968
1365117
131689490
53910576
84746166
18817271
25265507
13988731
371319
31486963
64474482
8685528
139240995
19749031
49622513
132795318
38458419
12587148
11331459
29413766
134796
59864151
180157830
133943571
96008636
136832250
9928531
177495950
22699947
32900969
87170741
41532092
154692133
6860990
19770757
131688734
48581196
51431059
65608561
8770013
70495125
100214225
178140371
59091660
70681333
94694257
932230
51255
29155288
40407314
41056438
59056633
16810081
35539739
60921834
11415132
8233751
6359033
79804
89720123
23158119
3277056
201920543
14806247
53143416
92040414
126655691
9509397
61632531
205797429
90196699
972893
58802667
28974376
6817507
189267842
43561954
131640807
37439614
19883186
65679761
2786816
18996062
77482778
55863748
21673934
36948382
105634802
144577954
94799920
26145169
193899525
6603510
96131411
15731240
21840235
10203428
25982085
42022018
112124754
370800
81700787
52579426
238125500
83688200
225471120
193554387
14602266
10364136
16608545
127736232
14948499
110561879
84070531
177721018
13745463
79969020
2795844
58847891
87419834
77914769
41723965
901829
228345694
95851157
44503325
80200309
93481115
31800621
98051309
1102336
57594439
124530989
3972131
11150002
21357099
18442653
80060874
101725455
46441770
130577836
69165586
87777490
164098679
26023210
7507284
37499404
35832144
68705394
115075575
228602031
58229887
16876024
121582762
9835791
26709918
139290035
127428860
49226548
24966889
50633331
55640296
118784794
6045273
130766974
11653753
28167470
127914050
109228669
57335953
12311072
27061507
42507515
10504
35600093
13488043
44011141
112559871
7986623
19117536
67410434
90340696
21474484
2745871
5849066
51695878
96718691
69707571
909210
45132987
115569215
205097891
164071758
2037150
68292399
16153462
58509041
83625955
145423857
160333309
34764972
59985060
24274493
55767827
139014515
201966255
121862696
89777893
60353683
114097973
32651300
25986285
8900377
143474811
129682671
28278185
68000206
1808374
136670006
20331044
6267576
45659098
4796966
52251218
51568545
97250628
49426961
106521816
125144239
7770587
108923256
14155067
65746684
7864958
42051475
67432844
7081930
15316083
52428226
119496205
60279359
16677284
1184550
1553595
93152263
188458144
82949434
17893334
29819553
4518454
151912519
19485417
111832327
10927619
7161349
63159535
83637790
122555326
66574320
107798587
9045903
51800584
22596810
21257248
166921228
55926531
167547961
63442480
36303720
152511024
527612
81424224
14818041
8978432
52135614
11746960
45331389
78410878
76632122
63776551
8106348
71842473
8421442
62142108
112822132
118692952
94805696
7036288
7782303
51300657
82481701
11150972
12843499
100225335
79124595
25152753
175699428
41864514
2453383
22093998
158186761
67472641
51226130
39633643
184028107
66874667
62542340
74057004
29980338
89123746
20052385
136088943
17586909
114581720
7207499
37533582
4104231
21538922
11348598
49685129
871352
7954687
57676169
43292364
112002975
50673373
41744170
93944476
148440119
53676899
59302376
12555277
18159075
84118207
