1000
13 62 69
27 63 72
0 20 25
34 98 65
58 12 24
16 15 64
79 4 33
36 87 6
38 15 17
20 11 46
33 6 28
75 23 60
56 83 72
47 74 14
67 89 59
97 88 98
16 5 23
17 69 21
2 9 3
72 17 12
60 100 78
52 33 14
84 98 55
11 83 30
79 26 26
98 22 42
11 72 92
31 86 25
69 26 21
97 76 47
90 47 68
4 90 64
82 94 57
12 72 15
52 79 95
0 71 40
33 58 9
29 71 99
68 88 23
85 84 21
58 16 65
62 24 38
14 19 22
27 23 13
47 25 9
46 60 37
45 3 87
5 20 37
14 60 30
61 53 3
32 15 55
77 88 1
6 27 73
12 39 71
70 35 42
69 25 52
5 47 9
32 96 39
25 24 95
55 71 19
11 60 98
62 46 1
7 95 21
96 2 72
84 79 77
49 34 10
89 21 73
48 21 33
54 70 59
79 70 92
69 44 38
60 2 68
89 80 48
28 44 77
19 54 59
85 93 63
77 91 2
7 83 47
18 75 3
29 35 24
31 47 82
70 25 2
90 48 65
38 27 52
26 92 27
5 100 52
98 41 60
86 22 44
68 31 60
100 84 31
95 85 18
38 4 40
29 2 60
37 24 17
85 73 70
72 15 93
29 90 66
90 93 62
63 43 23
48 62 3
58 58 81
80 60 28
66 30 100
11 69 57
35 55 63
63 97 5
84 74 99
79 87 63
97 82 93
72 83 63
87 28 17
55 55 17
34 78 21
7 29 86
34 38 11
97 44 64
51 61 95
25 69 7
84 58 8
100 33 89
67 77 35
33 55 85
71 52 15
60 86 100
87 78 17
100 23 20
79 88 11
100 68 14
43 54 4
57 38 52
39 42 75
36 67 58
31 11 98
4 8 40
48 64 69
32 14 83
91 24 30
90 58 66
12 33 57
76 78 55
78 56 13
37 54 52
23 65 87
64 38 29
7 84 22
13 78 5
94 73 33
30 29 57
46 38 10
36 98 30
21 89 97
73 7 6
81 13 32
42 13 34
44 60 67
23 66 83
32 74 85
59 30 79
42 12 84
69 82 83
0 20 21
54 47 14
50 36 93
100 74 54
67 1 56
66 89 30
79 12 10
13 45 52
63 53 74
51 36 99
22 28 37
15 48 19
10 9 17
49 79 11
55 84 13
99 3 95
41 5 75
25 74 22
91 25 16
29 21 13
30 5 55
39 94 64
43 72 63
76 87 22
26 54 1
97 10 91
22 61 99
71 76 48
4 84 60
75 33 74
89 42 1
100 91 18
42 67 86
47 52 75
76 9 32
93 8 68
65 69 32
79 67 41
43 82 18
67 67 62
33 29 79
56 82 23
30 17 52
32 77 66
56 65 95
24 26 19
45 24 7
41 97 68
60 98 27
59 82 94
28 13 37
72 40 83
43 89 76
48 69 67
40 47 81
100 66 13
34 67 6
87 21 91
64 25 83
7 68 97
0 15 62
53 70 66
79 29 41
25 43 2
44 52 32
99 99 99
12 65 66
78 92 39
73 4 82
100 1 1
27 86 68
56 1 93
35 73 75
48 46 58
1 7 59
98 42 24
36 54 38
42 35 78
77 75 53
39 43 22
14 58 26
91 2 12
9 100 8
100 26 16
100 6 31
34 74 94
96 28 17
30 5 25
35 45 55
47 8 15
33 34 86
90 78 19
3 96 47
93 68 55
89 48 39
38 36 53
43 58 83
79 94 60
42 65 78
52 60 75
50 78 61
26 7 46
61 58 61
46 100 56
43 97 35
34 64 3
14 81 78
81 58 33
41 85 37
82 89 7
57 53 73
43 19 26
79 40 83
2 77 57
31 3 8
16 12 2
18 57 73
95 61 13
18 22 25
56 30 6
13 21 19
18 61 15
40 76 92
51 72 5
56 6 32
86 75 33
19 15 33
36 61 83
24 81 77
29 36 86
68 23 92
31 9 89
24 60 67
61 89 91
33 35 34
94 13 95
87 20 40
1 13 64
8 59 6
87 66 72
25 63 58
51 65 58
87 37 94
13 47 81
24 89 95
98 57 37
3 89 85
53 46 81
28 11 21
75 2 67
87 5 14
76 84 67
33 84 61
87 63 16
73 94 6
13 28 46
73 81 29
77 21 90
32 94 82
76 86 17
6 23 99
98 96 13
92 31 9
41 32 82
83 89 31
23 76 96
97 7 12
7 25 48
4 1 83
38 86 11
52 71 98
81 16 88
10 38 38
78 3 72
4 64 60
68 94 26
25 40 82
17 79 13
44 65 58
31 43 35
0 92 67
80 2 41
92 10 71
14 84 31
65 42 19
41 97 37
61 9 64
93 85 66
45 4 63
11 97 8
61 55 7
77 41 62
9 77 77
59 96 91
77 46 25
79 48 79
83 83 38
54 12 86
67 45 63
55 94 27
16 20 69
46 25 23
91 61 19
46 69 58
93 21 57
34 72 75
82 32 14
61 30 32
79 37 2
86 14 22
67 43 16
21 28 21
9 76 39
97 37 34
90 69 64
12 7 78
44 88 41
96 10 58
57 27 68
85 70 9
16 79 40
19 77 72
44 5 97
95 92 84
65 19 26
57 28 81
29 11 42
61 11 61
100 18 7
18 28 91
29 16 45
33 70 76
71 75 25
20 2 14
7 55 85
91 74 34
79 74 13
17 46 54
53 76 77
71 75 75
35 29 87
8 3 76
61 95 87
38 13 28
99 70 27
88 40 84
48 52 2
67 10 77
54 8 62
42 67 14
45 39 23
38 10 22
29 21 89
49 97 30
29 42 62
50 27 13
46 65 73
51 32 31
39 81 80
65 39 45
30 64 56
25 47 39
69 77 100
50 58 100
48 59 23
69 18 21
45 24 72
23 74 80
8 2 87
87 37 36
3 83 27
81 88 84
0 65 91
16 35 59
41 31 52
65 89 98
30 25 5
84 71 12
35 99 22
97 58 73
14 33 90
85 2 99
15 90 92
0 55 55
23 79 47
71 59 9
47 27 41
52 37 89
5 98 52
44 19 7
25 2 9
33 12 86
77 75 10
82 28 71
12 25 45
78 84 95
41 35 64
7 56 41
5 5 86
73 35 23
31 37 19
33 56 65
75 52 73
8 64 34
100 60 84
82 70 56
51 37 95
94 20 21
20 56 46
93 37 34
84 58 56
35 72 76
13 62 100
1 55 20
26 2 42
93 40 71
17 42 4
62 46 8
6 10 20
50 22 86
96 31 25
38 2 57
72 82 11
54 93 10
78 71 68
72 84 72
17 8 18
67 88 33
96 46 9
2 21 41
55 77 36
77 61 9
85 12 5
85 96 27
37 21 1
2 64 93
14 98 61
68 45 5
14 12 58
62 86 17
67 45 84
17 31 57
15 14 85
17 43 82
7 52 33
10 22 55
34 26 6
75 36 52
98 100 65
71 8 8
90 14 81
87 40 57
65 91 93
70 57 74
28 37 95
47 66 45
34 72 48
1 22 6
15 74 4
28 62 38
91 2 11
23 24 41
54 7 5
37 2 41
67 23 25
75 46 17
54 28 35
95 85 81
14 59 83
82 65 54
84 1 80
2 42 20
0 44 99
17 63 22
94 54 91
55 2 71
55 65 61
69 91 72
93 62 88
42 58 87
48 55 54
4 99 54
32 71 93
34 44 71
17 26 74
77 18 99
28 88 81
41 62 75
93 24 72
82 19 81
97 44 60
5 21 40
23 5 33
59 46 2
19 77 96
36 64 15
38 100 15
5 85 97
4 80 61
82 42 37
34 99 40
61 6 25
55 99 81
4 64 27
57 48 78
40 31 94
49 22 17
45 58 33
99 95 91
85 9 98
14 89 2
59 78 24
65 34 26
11 5 82
36 4 21
75 97 39
29 75 87
4 42 74
21 61 42
62 48 83
19 90 69
51 61 55
66 69 9
53 90 67
60 29 94
91 59 33
10 34 82
48 38 28
9 78 90
97 16 13
52 27 3
67 68 52
30 74 67
62 44 84
75 31 59
10 34 81
17 37 79
81 38 96
75 18 61
3 31 48
42 25 39
34 9 32
23 21 97
72 45 65
23 60 91
16 86 46
9 67 78
5 34 58
69 39 59
46 18 82
75 53 41
76 27 10
80 15 95
82 87 30
95 24 55
61 11 97
49 48 55
81 53 85
19 71 93
64 76 28
95 52 21
34 21 80
60 52 78
31 80 31
58 18 38
35 62 33
62 90 75
100 91 42
20 46 23
60 5 38
40 32 40
39 62 100
67 43 20
19 23 85
76 85 40
19 61 77
27 61 19
52 39 2
91 41 56
92 67 54
100 61 33
35 87 31
32 46 61
75 56 53
61 29 41
99 60 89
59 75 32
61 88 67
78 12 26
4 17 11
36 22 35
7 21 17
44 31 91
59 60 85
54 28 31
93 73 87
33 18 17
81 3 94
83 12 56
6 12 13
28 75 45
73 44 1
91 9 77
59 72 79
5 36 8
26 26 94
33 44 96
54 99 95
21 1 14
37 87 8
23 36 86
25 25 97
11 92 53
5 42 25
95 11 94
21 66 14
59 22 76
57 85 91
1 52 5
61 87 41
57 59 38
6 36 66
52 90 42
68 85 59
84 93 54
61 38 36
30 15 68
98 85 38
12 71 89
56 57 34
32 43 54
38 8 35
10 5 43
73 79 96
86 41 9
74 86 67
29 37 5
19 8 1
18 75 8
4 45 66
96 74 56
74 98 45
57 71 100
20 60 5
82 55 91
53 77 48
45 58 69
91 54 60
83 39 80
95 29 87
20 46 63
52 29 5
86 23 47
94 75 65
23 7 3
69 74 98
90 22 23
3 53 40
85 13 84
93 79 38
38 68 94
83 21 71
60 87 90
27 5 38
34 59 57
28 43 83
52 20 71
82 56 91
90 77 46
2 59 23
78 28 15
99 92 60
56 43 8
18 95 60
12 8 16
13 46 10
54 36 40
16 86 48
1 87 21
43 41 16
18 89 10
29 23 13
87 70 20
94 30 5
67 56 15
31 8 81
34 5 87
96 46 59
59 83 100
41 88 72
31 32 20
88 5 55
91 86 25
25 55 35
79 6 30
95 23 15
83 25 47
91 48 60
49 86 5
52 23 15
75 18 15
17 55 29
100 76 79
68 88 5
45 39 5
3 19 75
1 45 6
2 20 12
58 27 76
41 98 74
42 8 52
66 20 11
36 42 44
6 74 32
38 55 3
63 90 6
66 26 38
0 27 62
100 87 47
78 13 34
55 47 53
100 28 10
4 62 87
80 94 17
23 58 58
55 4 97
100 54 94
3 38 18
44 7 12
86 98 75
37 3 58
7 52 70
53 86 23
21 53 4
31 83 25
59 89 41
37 73 10
16 10 4
23 68 11
6 37 12
18 69 54
95 21 59
30 9 85
80 66 44
46 54 18
64 20 30
2 67 55
25 60 20
26 57 61
100 35 40
75 97 59
64 70 73
99 91 5
77 83 58
97 70 4
47 66 68
45 12 15
66 43 12
13 98 74
32 98 7
20 24 95
88 45 37
80 5 56
100 66 7
72 9 77
95 11 94
44 26 6
84 69 3
51 7 31
19 87 86
1 74 53
57 58 89
31 15 100
57 26 71
78 21 43
6 26 84
70 59 36
73 100 14
76 58 19
1 95 53
23 34 79
89 37 94
61 63 52
13 55 55
41 12 92
54 86 32
85 67 94
8 61 3
95 22 15
42 33 100
22 45 39
6 45 79
22 42 25
52 68 11
28 100 1
94 29 61
15 29 66
2 48 25
56 92 59
79 8 72
2 93 86
77 65 16
92 4 28
75 71 84
14 63 94
89 11 13
48 100 7
41 67 73
15 40 98
68 63 40
14 72 37
10 33 33
43 9 84
67 53 15
51 82 15
93 81 97
84 18 41
21 17 22
11 99 92
57 14 13
24 29 11
17 78 67
10 33 21
100 37 76
94 62 11
96 100 18
2 57 53
49 42 78
15 19 12
96 23 25
10 22 75
19 13 36
12 55 55
60 57 42
25 76 48
28 1 34
83 81 21
28 53 36
91 47 20
63 74 95
10 33 56
30 64 33
75 76 37
67 48 15
47 12 95
37 29 63
84 26 67
100 84 72
0 57 27
35 64 17
13 69 20
79 6 20
91 2 82
95 44 79
63 4 15
75 63 74
96 23 79
64 88 26
23 3 100
4 38 5
27 69 53
26 91 40
67 54 42
59 31 96
27 65 77
83 62 4
76 7 28
83 77 98
77 31 9
8 92 17
43 47 33
100 39 9
34 85 73
81 79 13
98 69 74
68 76 65
100 17 30
17 75 28
81 69 83
13 9 38
71 35 27
66 19 66
13 94 70
1 23 57
58 91 89
7 78 53
65 77 35
69 11 77
38 73 58
82 45 77
72 98 89
100 97 2
68 13 87
60 4 61
49 60 88
65 77 76
16 97 9
52 91 16
37 65 24
64 85 30
98 23 27
36 17 39
19 57 99
83 77 15
37 77 96
100 9 27
41 9 44
55 98 32
2 76 15
44 95 98
20 71 63
7 38 80
30 41 28
23 7 39
61 65 100
65 70 12
14 78 60
65 81 74
11 99 88
40 29 7
16 54 82
20 73 83
50 45 96
67 3 26
100 31 47
75 83 75
66 92 12
53 48 96
45 62 57
70 91 100
1 87 71
78 12 41
78 22 46
82 86 16
80 70 89
13 15 91
28 58 46
49 32 95
50 65 61
37 43 86
