



2000
565117304 125814888
586097543 963853833
196590927 534233702
214202996 417607347
217344493 833980730
579124249 288058518
353693152 141368
931819726 549915952
94544449 722578470
980780801 815164329
127100054 282936210
827026159 411803214
977935317 679355574
614170675 304267823
705937537 243835557
564911081 545315326
794804647 421322292
176518266 806648741
622717508 27171708
948248738 424709915
101648687 519461811
581556174 461537402
581430644 981460617
662666700 37701012
49962419 200312127
595478726 558494251
307023905 706044076
65190720 645652348
258949217 671878604
844094239 423311770
862219909 110370964
703274765 199870849
281932249 857466510
262643760 640833584
544794974 294882993
610473281 472440653
249138321 960954718
480243766 793723487
774458478 985837695
220034395 116421672
731088544 541699119
656340867 917416386
855554085 123853601
852268483 667277522
406649426 444698512
55624552 886646765
431039328 335210367
157453268 245014326
801288978 915221912
246902474 929583528
445441496 249630266
940763236 856701826
632112745 121914509
828920704 120573739
804142497 424350633
897367358 387763489
118403558 4667408
882699473 52630450
658488814 305575163
274484555 761852399
80772734 922988305
136728611 286745630
931888583 152510679
339054312 665332729
47016815 377540228
823283012 138873533
703229059 165023663
409151066 248507766
632694022 721935679
730904824 654683874
344231208 123586732
512323728 424760594
413187965 911911754
292322217 592042472
247933281 985692197
890764352 949975536
978850818 103156765
799596777 803718304
238358248 944564419
893720603 30662478
741748920 577857811
687411221 209802178
24143895 81636865
714164937 465569104
257905382 466368806
434680386 531421008
62510645 569736782
112679164 557100624
708066579 673287937
631269413 204102586
418164023 65862969
502657116 524283683
498500204 296760961
710154724 419091223
397323814 379561928
642216378 221158123
187732952 703824597
17094307 740391222
366262419 488280123
949636677 257629481
884356246 280775479
48569926 206655431
287507389 336549896
649379569 882154686
124194929 559603511
904221867 659731810
864555280 638068045
399759195 977723276
952620671 931953716
19446180 922000847
502451354 180969074
829782155 922828058
579111980 419062325
163750811 747318826
744914188 722510065
195327665 967154807
404346481 850379608
16112089 302515290
688944084 61965438
74766467 368071667
887666070 425390003
601195265 736990023
633538415 140388121
419950126 576526608
511785146 317904915
36503950 266479321
969573996 490830982
661810593 301344774
746429584 277336887
782554039 442308436
479378548 214783881
992216713 531353606
998508012 323800900
374995712 391910100
22726121 848562857
75294469 473389900
567830909 814926994
112741727 508995828
632917522 71220002
411047957 21472609
203657633 916430717
312401193 171785736
585412024 118640921
939992992 705406327
887862241 634629106
464197298 745470219
855444476 662524460
347846086 73892078
991144929 184287937
697936467 899718834
502465671 594825630
870134625 222626469
725444071 353232567
270278593 507198950
413159021 831891616
337620842 108456154
712328409 479665802
811232568 253698697
156200305 572862290
63493964 368051582
623107509 731525331
523946118 310081725
860907880 458798470
534081688 796019477
258933613 27161
10068145 219546765
738301722 8799354
294292567 346397686
399376001 183417568
503137144 109982437
659060156 878448399
148053052 638140611
635433194 892980056
989510783 302826871
961819077 451949045
554654547 722778353
507932776 725492653
398100922 368162666
538748369 493582124
424692415 669868666
409186723 299579100
274081539 559028582
997529144 335456906
435538240 425982590
971442469 699218853
383094549 47026276
737090766 739482750
475494300 851437218
680492734 667734423
690375972 811551197
924930175 859331259
331860495 805688203
451553349 768163189
728439932 800927925
400605849 881158124
486492119 343545705
519883485 372994197
256808873 678651365
171375310 365701791
819561122 250127054
519823009 820679907
777219434 498048627
328761743 361753778
500722599 573557038
262220029 231077465
89698600 510939835
217923573 264165698
889922847 73494453
899851029 360081582
463742736 643271107
406254753 660699082
775376169 419258679
626865175 22813266
64717952 83283412
270480140 104068581
922012602 604975270
752864619 182873445
323429622 66899574
393138538 763623690
459260230 792545037
671806495 602773543
825139816 805414342
49041616 952684268
494210966 409565779
100839612 958710725
105003666 12066013
773633438 246892703
785311865 100706029
680549039 245430468
688475889 101636867
239308552 837390997
708293231 511120988
505103329 333749954
684471644 327182244
510348638 481811466
748848618 799128879
176570649 321509459
909671221 687146906
840613028 714633311
799055108 20217866
218457692 263301904
517094386 752801737
940122885 987470505
891254886 434390920
355596064 51067955
879082886 607614811
111442441 69964631
413508965 713465401
150559083 802655848
815652725 31649123
575729616 41208503
643486889 621746730
13578262 453052821
105698836 973113401
928035595 26708181
5064998 952407936
487139184 104355194
980143901 77571566
178291148 807666368
667869845 320499478
473123716 338972212
784712007 266130439
869213908 734818157
888425053 365599851
227819639 247375165
173599521 938826262
287294475 69398963
700528771 498629384
485087890 913111479
810174720 657061034
815842258 292112663
555816059 510535210
26887261 889711660
47776659 723810596
110743755 131686735
9974449 989969305
312715158 933620758
177243645 193886266
78488425 617676712
383625432 934835432
461465563 237018086
126593242 427820278
558425022 623420706
396889072 160463897
546760335 46779358
175702588 542662623
70968742 480634467
700578668 179997699
739240481 931584161
584076786 227891558
58857440 670223874
4380173 231599758
776479169 317315359
83998982 675826608
112691133 268611074
711845879 429493194
728245350 855703555
660535339 338906764
695954142 184984359
761230516 201341796
423612993 568835487
460696669 282321419
227967382 321629145
227818849 48195820
969982544 519850186
667950106 972967460
727258909 986842470
382118174 528029253
263037364 366766705
42231036 60767769
22440989 683702302
395623306 825345720
345962714 226843384
333544862 542213358
408351647 917808482
130374654 978862282
972236220 263394259
376480422 439037904
516369781 382117576
433789804 649805521
599393365 589722296
741434932 80458577
285999432 451397854
680592526 960373249
385155808 376000188
376226094 915420939
450645572 138858824
991302553 749096668
140785633 121479614
9429154 4301244
250365690 994620388
947393679 473429521
71206155 255534636
96805749 308530995
605130159 904686285
680818156 687855507
36289014 684597568
591444596 955553640
31759953 894015731
193464678 708143032
691368078 470468281
69234348 325884643
506789965 433459089
632786899 669068211
67915395 690394362
982812726 688178404
732794115 301371188
352116357 267091092
513570946 370310774
304878112 165177155
619848996 586414480
835625635 537457563
147050731 987669525
410936680 174042088
207189938 185259448
307569542 917520827
60682996 436122954
413370700 572176449
981653586 802452311
949682585 584238469
956423356 118119528
961451302 25743377
509424618 55000755
407480797 577146552
170818897 629922741
166061273 678720914
689151681 665617731
528444876 496702053
420196384 206493912
647361899 686724035
312163370 664568210
71142690 467837710
484775587 73863323
559524679 24314732
364653769 630182844
870105325 767597491
272974681 32574361
186705976 43791611
826994171 364598061
73052384 650609186
535415580 322414580
790074147 861043533
54188192 483639805
309886429 433894524
692718232 987161060
795919453 79493478
360688020 503289132
110881804 572838008
245559599 374382205
185456789 517228357
915507897 367145673
952641809 344289714
746460674 652107150
125544694 536385621
265700872 263434708
279012373 235384990
760336217 609740007
912931403 782043975
536728086 281735358
749284084 180602752
720065070 835676112
63933589 45210556
690271563 751006621
333467526 658052176
669873463 706257214
534057502 915056688
561372544 879417707
627178210 638868723
145686714 955598891
807700035 818061959
954312391 100496917
747311656 799068415
639624788 844852251
778543378 963287449
408674700 569479986
5830449 856872636
400138537 518167189
95134765 934097321
360982392 910575148
59760117 219762454
957103705 774565263
906680744 154277514
277888674 983304436
6352883 845715759
374186309 497723231
678892756 877554265
660626927 258453062
702169447 512223839
191285480 889908766
23799510 6744827
141614818 368081220
553671328 955343747
117733738 176098994
587912274 999616888
845514457 173203850
634044279 84936161
684575962 260536463
433940602 98319623
13825788 61781938
319766653 906112746
745567576 523616738
472490755 845370596
117025045 983207658
760201251 494686317
315369511 626742872
352342508 223292179
313147338 657523814
790307335 827235702
208069454 329928165
581573420 27152879
211564446 122551645
314065348 698903875
935252008 770830972
932986295 553185724
182570511 120103932
425813491 224784730
317861190 503135745
191794945 45930961
203206676 770087141
898618792 600778357
455601815 818427532
682487525 528460901
591283913 131531667
429454937 573985091
503468432 455189148
374218161 658623813
5278410 269433846
41044601 472885857
903803103 735345720
503084446 633264359
411556305 987523626
757541726 293502998
615746752 881585137
198381842 373320201
32209051 935241026
612820272 167500539
832986675 436126249
466364306 859388109
37330420 648916263
883906562 864110441
286139831 253611842
468358648 827329181
272858472 963291439
966225547 951465797
660817121 6090575
641498463 592880514
430304855 82136627
806979717 29693640
283141680 327893972
411073075 827148042
244038681 324751560
765289027 763385411
720642655 492700274
441283567 125548585
937923439 99433560
441707999 723715215
189491537 832654670
262349190 160847490
669099385 949719791
123986624 934575715
164282583 506603290
128931783 155293067
856670245 239803431
65890761 626033774
856234435 771425494
481419518 984752981
404400532 46805352
304710210 899422064
253378615 839289645
229882232 893167472
301745077 997735559
644363777 118501797
113646565 405334759
715454277 337598692
115053757 923130928
202547958 553145248
797802680 318723153
855094705 274819617
877506178 810774082
367947220 151444266
125309265 972625038
674881422 878605158
247974737 628134487
446651203 446579852
854441236 340463191
317482912 460387977
516345018 174464334
131232810 569060062
836894393 621673598
845445184 683575585
50074892 802375993
97331194 30924824
543752949 793329787
478606109 830227005
610880541 787781100
298763986 96832592
912434165 260208019
668830267 740203858
252360214 944252851
863311602 318776387
312553324 264937316
329766851 228069670
747952756 586435658
202257677 64663107
566814294 577458705
610351622 418011265
125844897 877996840
12996424 857489117
97014098 397131317
68036389 570928459
865026282 13559120
805986492 160157890
355453543 811495289
179807392 817364072
360390985 629367167
960654645 465920069
88908482 373132875
586103786 507945479
529325445 192256929
224338272 706060824
284715963 606561549
115745784 636902292
568860917 853449089
22359921 609724944
600559268 187344657
208689063 225094263
62985558 50784992
392640540 105788214
616250400 574125013
858428446 81299541
75040175 140358556
971254607 46581892
587591197 142440561
266329928 708896078
698687881 873405767
401435244 707320337
619235136 197423173
132100929 623870575
584602259 374462555
531920972 203118389
616583733 359764822
418102173 778082248
471290766 237684828
860062392 457289550
44534563 99056568
838358353 302513722
292179738 5019933
286861614 466258747
932753237 93860109
240849576 256001858
522081526 903534097
858471363 402109482
24869250 107844411
657610610 819722338
936248685 254336631
476386538 570639582
226033647 63633259
805950027 197536449
622718807 447079130
295229173 762193757
564084154 278210106
59476712 900034374
778044865 951232012
463655925 462452103
95979034 146328001
822692951 255856930
153264892 906812789
383929960 577319004
987354815 539624337
259881241 128203695
270563871 441322707
42802504 88792660
699662149 567146755
92540217 283556654
563167650 483081059
208887018 787129032
421813673 477092471
135545306 358395745
937250845 426442748
485838541 221666545
604487893 45393753
846461170 977599100
949444346 512211228
859078851 222096359
188238874 152216546
938373354 825894891
5545186 354814517
81761969 713141489
759683314 635206926
297123520 462771259
845698071 711530824
454358864 796552059
757636203 857265035
778055836 893252425
387611656 3615107
291394295 763658907
631684904 228295388
687394797 555489911
147406540 20626224
203260021 233815711
535493529 780726695
977745084 444387834
937310256 718533757
540772346 906249494
794187334 298376331
235430526 928819369
878995718 921289596
844712200 351777252
211379958 997770271
217017553 484897947
543181340 149549866
883769879 570539307
649929756 202280456
787650275 423820693
627032263 676601174
471783378 941570219
60625099 348434845
478511674 430885396
298278249 873898337
912278129 344944429
597834085 691048643
958686596 630257021
253194611 992391524
518446746 524514457
455836021 885817834
998507532 516825222
986381341 372680550
272357078 574015906
28055661 640357521
39309961 761339781
655951483 751078274
197317656 923036999
815543413 842945831
362301548 297841243
4346295 111318120
925632396 400926757
674313010 866980263
837331505 954398361
208092062 61191009
750495573 562604548
462132083 787054499
146853889 740270951
991828733 185229607
938802823 263987132
6610456 740518485
757538447 939671172
625552200 890949760
197020026 122107151
18514329 739910953
77730249 891689248
464678992 618718540
252820821 465925571
856832252 609503923
699509212 107091751
848528782 695031151
253169910 150132632
37434924 93195535
368048322 13458397
860745937 794362413
390700665 883612184
249703179 285127193
552393244 691873151
528624780 7976766
951644626 113082185
315422093 163702235
94005590 630076448
473801214 864094749
900811160 888496326
163698652 675772825
445057361 405142638
787366655 398933815
346870423 90907599
505495881 91160718
290212986 156149997
472745522 553144106
835275002 919560516
391081059 617581339
476743958 279402282
58860706 412108507
342794811 549634219
349299895 366567526
473507934 29196864
841546638 673097564
447547108 671976131
907607547 243032755
991066839 102517966
250425456 324769272
150137052 361201165
861792901 17628289
841775890 135770006
772604093 204362131
442308408 154930796
835271036 84261485
861268516 88932969
554447311 64794198
470053689 719766543
228966390 866031084
669248702 534710619
276264484 164256161
420333590 250511008
914712664 51280721
765215261 697184822
660247478 855778352
506199838 231700988
384650243 317423207
506353549 483935112
662686734 73781826
161332143 892038104
119132849 448763389
656205701 35075597
9973399 757523017
342564014 261784533
628826115 601576382
300141909 487099746
599596316 969618719
503874043 486181627
449843603 425507450
937407760 227044988
873424737 878623239
638527571 167433973
679937138 144499407
276896767 510533668
148629674 318623697
735258548 263034124
201349640 75694192
482583434 267187903
309884960 287303935
160754370 230907139
990043707 413137931
722921156 104951479
247573939 26920403
882292820 238107977
113103450 612189386
742578944 728686188
105906406 478353021
515400616 143552750
34034658 574204121
186441892 420634272
269030774 32774301
618705470 342702542
73275978 497268913
748429789 805648
328435494 736791192
372763719 934990656
173464443 248139338
622887254 380888287
983054743 206086287
621935323 451399568
414685558 994912979
749148151 160517259
608799604 647573322
163916760 287557723
938025575 593060794
921616952 583546824
277946657 477067991
250684650 241944025
430537299 403724853
524786839 584164142
444144818 524876774
679395823 881387350
789399210 631099060
779658597 166436665
276615163 285471651
985885417 919641885
233900753 333964090
417123973 87060913
597428387 659842719
638462812 664362127
551104615 578044122
971284069 152524137
800124713 170985169
911906682 626433880
827688589 771444517
247201528 43547684
916069577 180299450
703300455 322356674
754094021 930784779
970630024 146240836
14782875 90015814
337725946 83985605
71070247 226564309
25016705 81128528
300385496 27234156
77019211 186427942
303051982 116283022
304336885 361327989
492539833 749231513
721600795 436856083
386628286 301153053
333586687 763019342
204880257 437909617
547047949 943771069
444752132 561905275
603881109 107003860
9992574 48079390
261771197 592490230
493040218 562692406
601645406 224040582
73566835 573657759
392859865 509274344
869294536 465236984
158181243 28352858
762507593 330207981
951009164 402454621
417207359 868061891
627559073 130904317
934411552 805355738
711153769 27966754
112497283 118971150
952965210 105534697
210708047 486193610
135948832 343825327
85452705 119065888
553428315 692325347
697614992 195260705
238129134 535751357
188099458 631003444
846498084 683112028
415256780 390785569
236438738 365617891
429044980 637593888
307064527 477672551
636317407 341108231
320371299 377752098
138981317 467543309
121599506 207871046
953676708 116923380
444962548 843471325
511016856 226963174
780262239 515640569
169481428 163522894
839499538 455054584
841046122 814529936
943825357 909139266
523503583 222368449
856392674 610906133
291716930 921389225
709824857 579818966
435752790 4462286
834342253 663330724
716809710 979227604
20752801 546431438
915898832 241340575
560548175 957108206
185459637 458481180
897853868 725901754
373120954 858151820
988802152 693427162
950466898 692612721
530891329 617253030
720843687 432869348
349581259 986493002
380316505 541422347
237308256 666268689
104508648 627395114
218456067 268026217
806527171 586108855
286760052 810294706
823071452 582661222
36892388 976955316
667578843 436960627
988754506 921370473
815620523 862804068
892196938 284956245
205287000 154421497
222600991 135891389
794554694 93389616
396403711 26270416
781315271 921310414
18954131 821574945
110183577 702139172
848333677 409663724
475951950 315367520
92956782 108970299
313964458 216573587
523730883 623551840
865012079 726386456
336793898 526677625
468876806 527448674
336469155 975090716
260355172 978599247
274997581 161452360
868544832 927031784
537641456 591798941
821135975 823681192
650690137 157777667
928374772 611192248
947697620 400563221
534689147 758433864
528214294 909557634
538421099 792118699
319919908 568285959
18879082 226641401
731235080 444504872
237811113 594358478
952919832 627348963
513891751 26879446
397016933 262897399
451893142 220728647
683140538 611852209
649495576 270949988
181177710 388132917
137522044 461014619
248695363 543379596
730410315 338142334
865215003 149359761
510083165 24448013
300950224 643001072
411892169 205961112
836363548 670239912
756374618 280530705
9959653 543971808
437393572 252064516
903121355 229096114
428867981 493095437
97967203 107379309
560603999 600476920
887143573 690491579
20959755 929478708
895268228 27154433
623352248 478715285
869561877 81218264
658267557 846278162
204604767 408197301
136314921 37278950
123294328 874683730
270483427 752217312
73552228 582317728
339117844 486232348
553010556 93938568
439248961 346594173
831903486 695295069
106777015 127642594
716266187 538730025
436670892 809253686
57350776 219257315
91076495 877120508
823893327 159682252
604721084 674655525
627898373 703728931
741956320 709720719
570891321 244247383
585936397 686385180
118048930 281682409
35529851 813107816
487571894 299156088
93435390 858614073
111916635 848744991
479299730 251360645
302041155 718492985
750669174 302135014
797425276 787430701
649848027 783949926
376120378 389136287
544965512 148142407
243761253 982154941
506922477 150680888
823115878 838117735
578099249 454933905
803620170 625061955
494582384 171745405
474001982 429121011
136987746 447600109
260003780 470321325
732482852 255525206
10114883 310536798
794346263 451038
173070164 890145719
28820522 141031888
453098176 592529799
449081980 186207443
212247288 223377923
868927135 340312956
853583271 769545463
651473305 640032061
877854371 78379307
78450923 964203289
468505987 295835411
872658698 144380558
269733673 704996541
169632491 916864896
515579561 586719425
88618005 522483751
573696240 842457704
159633285 977436172
357706516 238093044
659739677 426338175
678672169 995849411
101002494 965839001
381064092 244769835
295503537 969491621
425232666 978996506
330319349 520402585
161041262 668624537
2462284 241611926
899305793 402896002
497680659 564543125
761713696 292965721
713226934 78703654
638571228 827322379
146697747 865327225
603786107 828722542
982085284 449788001
83236193 874001833
305690892 637625548
634723074 177645801
506881261 270126223
716059338 736163165
54989907 844624804
616751879 174601634
980730753 265484471
810521669 189932690
872063843 37961188
804287811 180864384
28547052 964587404
796698797 155589125
542424025 656608816
806296518 230586904
613553408 94252981
844137885 568428036
970551185 105019555
235570878 887477544
521018193 38732522
925666654 67616139
603779048 370232082
68652471 927679037
989477388 768221838
550949015 355061078
751731479 765005682
28909388 613557101
950748606 974940083
423925445 392488894
221056415 367489810
437968782 624490279
828796927 969479772
334511868 61858568
524780006 740338150
611753803 257456227
574988788 907099377
619403823 79823568
319520452 282586594
532009345 13861264
411657780 18783479
361111301 741070863
884359800 397379304
506527908 364797783
185253784 900915993
641423927 78048156
59310632 731056489
304291615 28763127
134587349 240575726
445789637 398701557
890063430 772900140
842287960 815053964
938626325 208334471
886561981 256192757
300048905 886527460
813707950 336488158
695637701 412352301
603983343 64728338
147847687 178709254
192132674 629800818
653362501 202945344
421993293 655512118
685773541 643816336
936222524 761373426
425378473 641275380
316697226 848524994
557707025 680739717
455360971 853647103
451923722 718645258
844010257 679917344
806840442 251762439
384335242 968685909
45137988 976964759
673314799 245592131
539282096 838482444
446614410 303791501
836603070 871244950
922591923 629780663
23168589 943811877
839632518 769435667
962540731 210675042
817429154 635931881
471720861 779721571
300022725 171367392
288215754 840653585
161539067 616774499
631943418 142774428
581380519 468340332
551164717 673006687
943634571 795128760
906442092 973666508
829600815 513814669
577060516 997610982
775613047 219059806
830381388 401426694
744962512 252995682
977256299 744521272
168202705 845438109
847345154 808636374
717286451 50573721
759493737 235184821
846499272 364721136
746152551 797506811
845259268 266910779
771059119 682256612
683680615 749427155
310015224 739953769
708911286 376324745
195282578 327449767
24864979 527261839
175750946 322284836
73351665 104983045
972677328 587378864
566486582 64206055
17772382 859407115
407164736 992048559
609406018 557251032
585524726 472298048
753984703 765445494
590732247 210848098
141882417 408211135
526913150 256378921
939173895 533004271
408476081 492179915
917357063 960181285
158693822 651846128
292709650 934158047
591704473 972566309
362732347 881228079
957467766 922980981
404585530 201718485
530796407 297465309
573960640 396320008
657330606 206117280
251088780 313053308
880499750 775194103
383799740 613667236
158951369 761862771
796715589 619573435
167740145 45323383
482070084 329982482
474676211 358560716
992506618 298796664
302848717 397483374
314315394 2549026
306648153 415900749
97017903 259347142
467039156 52879695
89697553 482931746
136515748 930488317
887351627 533545668
163327023 696823993
75138587 456958953
857512425 361622217
38217283 920340600
381858310 620249846
488796602 763136079
273964082 553224608
345084815 587941886
340136453 555376030
994222540 313260345
632695581 607337199
785576912 185947724
582814668 444186405
342740359 886668729
378100027 538090992
370127492 268150867
860045414 930344583
295758219 676115209
668197219 121646832
127357408 963508967
902190345 10374184
862055538 980185849
967824594 85531694
290320695 161513207
337093155 653821565
964009553 12523747
459881442 735473812
355268084 942968633
238093024 141338238
603717572 563863627
225529844 257862628
678804929 792759287
590026855 230529871
459357790 251845531
13403581 927256904
401063346 681598338
216379848 284341304
637422301 90404253
710006883 585226107
848268007 751344649
607648348 141397447
482361822 786548765
943207755 236936455
870025693 755233603
381474978 949815845
345788554 518755116
555331818 772508121
432429325 766237107
162595699 789978317
275538274 209137457
283283793 61637509
966680565 927023068
20994505 396330128
347348669 886573566
728823503 670865245
735052167 428477226
156074598 78659525
1537528 309996605
104161146 891416854
262387779 507098441
666071333 766585922
657848443 378700572
752128986 676437968
16676680 488362983
946557918 448749036
599854555 72868096
365922517 207287358
303934583 992564624
972892453 8202982
895120024 563584903
397539177 182547924
610380115 699302048
419647730 499119296
465082834 867828327
780625492 377024762
198173923 68970274
597302173 47498636
662627685 232859601
921964320 81175852
932829022 475342389
990675240 354841161
507223899 33343017
970832033 84217586
346172427 163763995
404465647 431139770
272005401 238309282
432707001 676758634
425972388 487268562
808855672 208483051
112754963 557989823
544846517 207085696
572778486 803907681
275976872 20947065
546884967 382621172
330050883 193501111
182901007 786718489
369920698 445523668
229119590 365093346
394884307 119618838
299459802 442085515
891385508 323803166
154894549 345724368
572687306 718308834
594789316 730917536
99206406 832466323
543386409 548415353
413810543 239369173
873506914 875944405
772086419 413417445
140728809 405828659
747840581 506136170
98106538 6297160
204818841 859422948
286644139 629680698
882169118 993784033
32302457 51636913
119307284 864648800
47477595 260822614
430661312 509378027
435914111 936876772
165270179 717618535
745801111 496396160
384197090 894341116
588275863 774885017
388392233 322057398
501382189 183978733
250484475 689051830
415053869 688810726
12356011 832121208
327040568 319584214
744558141 222633887
290844580 673080896
479120696 619718807
882536837 846199018
822749303 89179016
67458882 962417980
229884331 522496525
92252889 432784626
115704203 940260690
14829382 703363878
734596472 216997931
519557554 155201640
876612773 706497598
675499690 147461189
130279659 610585498
998161207 278140704
72415339 25660399
240954329 660494232
169408445 701890981
66223814 69304529
584209811 515667517
879404302 997165035
256652701 731697444
922461739 480533333
18669600 937877388
10530252 220942068
617679887 242182617
328458595 880587834
873578188 431986796
371970011 610271411
64257047 363181894
360949372 421715340
513618254 775158716
983044253 575352929
630023223 200650323
988075063 333801755
353747142 28844531
112891214 621971021
121318377 390086975
426608873 416426933
554835572 854996348
829532757 428475104
752130646 116555668
315565941 417372688
402908276 603653254
490117372 413039027
243504746 489754159
713552897 859568196
242421218 131632902
15421576 840058575
58814790 525410517
208343886 165792562
597084728 38632594
148536410 113098777
607710304 791143513
109168581 366347543
85887819 164949719
950406096 783192969
350660168 503865307
642082324 967778125
992922959 126073595
668305921 340211521
118652389 471973194
432518334 432404204
858681087 699950399
154970894 203400901
292990023 126049618
931201649 992053665
847461993 923785079
809404048 473592951
353122937 331842400
612238538 496520512
938466211 415489631
107140522 47765264
355392331 392891457
545482409 537826976
856943533 12111309
643066034 886814342
798522475 727226361
570459815 320588772
268675740 528689281
783820818 251481002
205635557 997453583
343982136 872388152
577295117 688883850
843154796 290580653
586561603 680039717
880201223 7950271
289969659 650183428
282675730 616580584
654876776 776632183
568193825 24658179
553735935 476913295
136985767 202773176
857229983 864377609
278301766 421024101
114599675 191225483
511873840 743659991
591732567 238378319
970629986 739184921
844084590 905400110
187751212 711210125
322965512 223494252
747300084 394327015
689756230 621771461
933288771 331518011
679671176 534421254
569834438 565958075
669661238 308466462
216572346 687075405
514321248 362893949
444445146 1488732
839454823 984554880
230091204 22348292
642963071 855615245
416355735 921492880
9711804 299266278
195454057 995646453
483561960 274517338
632570810 174529966
184481911 988020802
996086638 909811993
789886067 304496373
131559388 525690093
354231567 376314420
691342966 761560850
414820162 192095488
213912757 377587477
250291375 932096851
514869936 920241779
18248607 590767213
661419524 274588558
442231586 172331190
640826424 815934097
306772969 882936312
321250864 979099384
526137901 815847177
763445081 846965387
658314820 182044424
751919109 259149361
947278777 301736110
52734789 727411032
297716119 905453624
917376460 184078955
606372275 347361000
727451644 105819769
9625052 120063703
284825753 584297467
211895119 468068428
161413684 974446008
105079590 307755058
488727653 582813426
103556009 960789420
705525713 600453893
115070971 218518740
34974311 347084172
288968851 256775050
407696946 138212152
877144148 950909598
913226351 982851338
832013351 481215550
265935375 930464866
437566862 664453120
481786604 37201342
428549411 271766755
311419970 366733057
776610880 153041343
275025473 963655164
883435233 322739621
653646307 580232217
280971681 419306380
144306831 19207789
812017817 892570789
338865280 873127979
22523776 769827421
318533281 843181373
452383634 670833903
586854349 557277318
273502815 415862656
490107952 809483404
362141417 397650421
209762280 414343508
156597522 346555367
476520347 247344738
281730845 294391778
93431211 821239165
389352975 827873669
953868572 633383527
976141911 151900779
820410399 247127078
432365005 711211206
606506010 115163514
428863214 88548546
788518979 426086018
659124446 133326398
308030862 417382747
945570890 357896582
534082234 778377511
248409299 653119384
738318134 1608934
58557044 339444236
89577247 885859098
828080317 422299545
64873508 158801281
521947128 174689744
178894774 798526071
105171306 74773121
858414105 761577170
799904443 724892647
342732626 239208168
132800569 66000572
254362739 98665429
342525962 996331114
837018426 419055611
214846970 174206638
22289537 102429676
563278579 570562240
362320480 172485543
439500313 195217951
269357883 281460077
278178763 460952234
46386824 436031318
639091481 260904862
743605513 536726511
234935115 934762698
903676144 241936370
464361817 661089775
414173613 1405235
275121566 946698267
1090436 830685224
517355288 294650074
449047538 760851311
2212758 101135693
502966262 256004643
106713513 602568137
991101826 196727672
148600243 116941638
620940046 240246378
339332760 186544978
725305539 470220311
90391402 318874614
624451899 97854906
255217693 873653978
964527889 496932143
914207308 537146949
987858684 31351782
870500414 495394091
886186834 25287615
563968232 158194489
54559159 316111618
689584626 943610655
122892071 479520541
251024428 322397677
573131586 48284107
356590599 674684243
413885365 115237528
23285765 896675424
593620524 238752600
145940480 486839846
942201343 709252730
179500882 944647027
910248025 226597735
40091707 581225
15802786 633114642
470914943 719795908
838307961 334739520
403641158 256557548
379850463 438841484
56105027 673598011
689553370 471957746
480847379 672619860
366798759 27200832
535588964 213792458
639642435 891400109
467189141 869470777
739944393 141613045
288804730 970864858
178711977 444933266
456567925 235671890
97945301 868061336
813758768 106979555
693164389 321684439
27777253 915271973
666063364 98854581
835299394 318823973
143292161 381259097
455016635 627045055
838854984 690021476
150227549 952515463
877857975 137601800
323309034 125295126
302911621 744595177
431390405 12055692
595926832 900990098
183650530 976872514
558646582 817213056
73193198 967380485
889389649 148092771
992839780 708970708
677205096 885204560
514030296 844771249
657929501 917443298
501279464 34536615
784395169 211004878
688455171 297398612
142129562 558412632
131909263 274605859
850918142 423378845
321869963 627113466
341733812 216763642
559686468 707669770
210015934 62045645
811870856 889554635
601574013 818210358
497507702 780014998
18323995 242150260
953292163 80685441
404770811 382369258
386336967 304993562
225004802 915313732
431434283 559706817
420926862 224764253
988917064 965918360
595377934 216281360
670889080 180815935
473695454 536375030
110416498 920171307
676593882 553771700
790192917 571115849
759773781 519101801
573152922 362973421
580472752 894402810
356384555 473121823
941303816 624835389
532574934 201229715
846731001 4510706
208852218 12747891
293623662 600286289
959763370 44381832
14228748 617495320
171885937 706813582
810452264 773915090
771366490 532207866
431374661 626395340
211400734 682356260
946108898 256792669
730441096 251779427
317854822 930209478
356685043 295491583
606086194 483040161
580974827 403241924
772754105 145463666
464051883 258617608
173201265 577604792
923025237 203792390
943024552 382829188
516046577 52764628
229587837 438796982
17299386 718040708
973316968 706153514
136987297 554440536
158306789 542047328
576861005 483812389
711596320 943438992
700702860 870908996
401770602 175120983
889973370 164486262
354438314 60365752
558879883 173975253
599490658 597847158
709698818 296851623
697044683 455440619
848793935 181345927
942403831 436268722
849303932 583616557
553983379 25400329
95730338 204699900
80454093 777216204
352430402 42357704
500768494 880911255
829335350 597213761
362035743 663331101
659899969 963287802
939348548 152906648
230687102 829457231
592319295 672976383
287933003 563150067
577106452 127112219
429659590 66544628
451145434 3209200
306807061 98860530
655576292 128905522
830885543 559327563
850292069 435497185
510862503 355712367
814829446 355917338
173678287 617149640
873084974 860957734
477960226 292862050
26242570 281913402
883212627 671206754
982019316 749907999
381793596 667732154
20082452 9657214
347377208 506319982
104779433 923812439
122880867 827912903
689620764 979608669
301089547 524796671
325313590 797731991
807940369 659005428
793751637 817569907
330420064 174716970
86249717 663814063
208273954 211590793
47052047 719303445
228108229 877406283
504421498 760349337
683501943 693777111
255722585 601605902
617324705 212276792
5412843 156000535
706436717 921989924
617151991 18037778
731406505 298148871
592808894 357660673
182305420 170831272
872376192 39537651
556168288 732682754
349931462 489390698
361192683 464825294
392812349 624554969
875444312 378585167
978999305 979810148
591500390 946312931
126292778 896121409
965591887 723461148
665656477 978585310
654477514 507626201
560708185 908353355
775904716 161640493
50987088 922659472
659759504 473265617
428496987 976232885
302554121 177020595
51369288 8725645
117082905 956426891
946800245 869366293
421662693 565004345
892663496 230257606
953412351 820461501
1098260 933270359
760517641 427511262
499871846 958320892
75383037 376133734
553128798 934175287
467117688 936085823
29465293 162050011
228947094 785401383
514094831 204970464
779081493 707976107
144581292 436712411
497578886 22934359
303845492 865855098
520025325 859180948
47636322 727476023
107961117 780367007
821663796 896739300
46052524 151529332
528110240 830054646
686442063 233472518
407700220 238110491
428976035 503809654
539059979 606251663
635213963 34433192
632483878 884192483
539038285 648857207
52700006 217846036
923867099 794661133
994988619 691742975
79010470 672567942
970483286 195677132
609282815 1447962
191922968 900956347
343782048 528554933
535577873 942819377
763886734 983847307
453441392 802408072
817834043 395284215
477555947 780370585
934268675 830022808
626141313 987801434
484994091 447542923
495084269 279716739
97626473 948902266
702137782 406903742
811349448 844333497
301834497 392387514
725486141 91172787
879136187 359952813
13388104 602852655
803628381 554704403
802402697 486997807
786906759 499731722
438047401 782263458
835235445 871570326
156075773 843863534
877883377 185101247
252020143 913534633
679967201 649781758
711225420 812878824
537708365 205601411
290722849 289109132
642986857 997968952
918353292 441450860
5665475 755837750
156709340 431236484
315803477 979777317
460960322 325066386
455254920 188941198
761283431 866355275
970072919 908784800
462867639 843710383
456847880 554621648
904255592 528396362
629678200 293687259
209360802 259999561
909330725 738144812
85173977 703682963
572374463 692722807
747310386 870672853
227420188 961535638
290913831 517374338
410541788 140656305
332768223 615773244
620458460 517021355
318870567 226787810
209816918 637463055
259917555 709454576
208775259 680291241
529676563 982428051
22438647 147211910
996461925 637590867
771984798 677845714
417703844 692884299
948811713 304563207
299224704 929977853
248104087 193784833
907236897 91091732
834855341 867344499
936776835 87764030
820204680 250166181
108351930 24909363
370893732 155471593
12460341 324099001
676449571 821902795
545695713 291724057
785497780 401468670
364234466 994940201
750409092 217887883
32673889 988830970
586420910 121423984
183747995 10792511
886766086 980791660
392997134 95796439
74566110 256872086
221072794 418976736
367407989 609757447
285005247 208899992
936911248 4522767
729716376 142501258
628001543 522485670
118716858 371209320
88389400 857320652
966526773 292480714
566449724 665338621
146261967 853134107
700930071 877709809
9237647 563956622
164237961 133875959
479439265 807970218
698295063 681366528
254308915 335262980
671226942 60089663
466810913 976424243
761634905 653712938
597288330 68836494
31879803 857054764
916162822 608338783
512489720 247397376
571659351 905703286
406081442 224550624
737346253 313889416
492776073 545742733
816573567 128527023
125621488 88376142
21598627 885161358
609415046 341076452
733753303 902630968
903587352 132697804
422220347 974688022
777761418 794093695
687629863 195871971
350754531 330747078
438888523 422169353
846209368 162249685
113713122 945236113
249402493 281790459
114949230 647068786
537517483 40758661
853798212 522946598
383367075 552822448
620455294 368036828
984629146 365169489
345389152 589052312
200446463 117179679
148679374 767746062
63836211 93903645
619495777 668465700
37449074 458900840
787173023 242470019
599873782 358401797
342821839 189469272
431489008 617352948
909951165 479314738
217025114 925663924
752232226 17354466
18044558 835426215
923758951 617479852
834403487 746865010
128457581 455119488
111632436 245233806
597211043 810565696
105695680 244296276
273065446 344557348
749656776 15592754
135735728 313405830
340042970 910047738
650918813 238729351
682077308 156140030
918854256 67092368
280877961 709717897
780605666 750296494
107457645 392570795
262598796 261208658
886112195 375257760
149171830 570936258
364538107 441146507
534706957 700102267
131298501 917262990
528128211 197794619
228884592 960457
978768061 543134115
85090614 291561878
201520526 811845489
124440290 658363188
450579718 845912098
558105268 968461314
320344076 347915367
673990215 938617197
748634012 711922574
592253239 103744260
847064564 63720418
816301926 427546131
526211345 554773590
841446461 779229413
605504275 807992632
985351648 820313998
462798111 376914235
929384813 533850098
285291638 918519542
720028834 760434860
649271546 797074734
481767991 564115221
410012275 105810126
406650963 938510017
357995117 394923866




20
3 3
1 0
0 2
2 2
2 4
4 3
0 0
1 4
0 1
4 2
3 4
1 0
3 1
4 4
3 1
1 3
4 1
1 4
3 0
3 1

5
3 3
1 0
0 2
2 2
2 4

3
0 0
0 1
0 2

3
0 0
0 1
1 0
